9.853	-23.2905	-32.9726
15.9267	-27.7641	-2.05988
17.5131	-24.9661	-30.5644
16.1375	-30.4557	-12.4689
11.3167	-16.5738	-41.0027
10.1538	-16.3271	-37.1329
6.22569	-9.76378	48.2761
26.3811	-18.0483	13.3236
11.9176	-28.1555	0.167269
6.22265	-4.29523	-49.6022
13.1833	-26.7985	-20.8433
24.6133	-14.4502	-25.2123
20.3235	-24.6324	-17.9476
14.2157	-17.148	-34.6526
7.71569	-8.28823	-46.5216
22.2428	-22.1175	-29.0714
23.8207	-21.2196	-7.97795
2.08173	-4.1985	47.3346
15.904	-8.21009	-30.0514
28.0511	-13.0055	25.4495
21.1805	-20.6748	19.6834
10.7181	-20.6203	30.7475
8.82031	-6.98906	47.7641
21.6616	-25.7618	-13.587
10.0551	-22.8067	29.9243
21.7998	-20.7406	-7.84472
15.8149	-7.67114	-43.5683
12.0698	-13.4909	42.4505
21.4839	-16.5569	28.7422
15.875	-8.69694	44.8071
12.4202	-25.2767	-34.0487
23.8455	-23.4169	3.57839
18.0491	-9.8904	-41.7456
11.3609	-7.93474	44.7372
9.57674	-4.17082	-48.8021
10.3889	-20.7293	-37.7322
24.7036	-28.6003	-11.599
22.1029	-20.0955	-30.8294
16.2486	-7.83233	42.0868
23.2062	-15.8237	-20.4412
13.6331	-11.1041	-40.1797
27.0379	-13.8457	-23.4785
18.5138	-19.9545	-27.0601
7.71916	-9.14851	45.9139
25.9239	-13.2423	-29.8346
20.39	-13.7634	-16.1392
30.9138	-16.7671	5.30428
8.89789	-13.9997	41.5058
10.3528	-8.12812	-46.0367
9.16559	-6.06848	46.2002
9.86695	-8.69141	-46.2717
6.44836	-10.5999	45.9374
27.7419	-18.605	-14.4398
12.584	-5.40778	46.6251
16.1619	-21.3225	-31.2668
28.2333	-16.2534	11.7099
27.4239	-12.7418	14.8367
9.18105	-8.07024	46.8476
11.2311	-8.01814	-46.129
9.09584	-10.6038	45.5515
9.48239	-13.8163	45.3269
7.25879	-4.84933	48.4494
28.3406	-11.9787	9.81526
18.5179	-24.3226	26.8713
24.0348	-10.8571	-29.6532
14.8386	-23.3914	27.845
15.6656	-8.05249	-37.6338
12.8792	-12.1608	44.2025
18.8752	-10.1014	-37.9885
29.4634	-15.286	-1.0562
30.2421	-23.9022	7.35779
18.6189	-29.5658	-8.46182
20.9057	-31.4845	0.395208
13.7384	-7.1735	-41.4991
11.5878	-20.494	35.8336
21.7734	-29.2453	1.07061
7.88447	-4.79083	49.6329
17.6627	-11.571	-42.6935
12.3492	-14.7665	-42.4049
17.0631	-7.36489	41.2623
15.26	-6.90851	-42.33
11.7544	-20.1195	-32.2864
6.21189	-3.06967	-46.5518
14.2188	-21.1511	-37.1756
10.461	-15.2428	39.9705
15.1933	-26.9972	18.9564
26.1081	-21.9795	-13.626
13.9171	-31.3943	-6.29108
10.5365	-8.03795	-41.9265
10.9123	-15.3086	-34.8456
7.51109	-7.35552	-46.2724
27.4341	-14.4172	-16.1522
9.12601	-4.97274	47.1174
20.4664	-27.7066	-15.0656
22.0962	-18.5277	33.8463
15.1371	-32.5539	5.88158
12.5801	-11.7457	42.2587
6.73813	-13.4479	-46.7029
30.6195	-15.4402	-18.5273
13.056	-9.69689	42.1459
10.4647	-13.839	-42.9974
12.1161	-16.4981	-42.1212
14.3615	-15.4881	-44.5851
33.0817	-20.8927	7.55269
12.0841	-14.6241	41.1007
18.3264	-13.2576	-35.6569
9.43321	-4.8778	48.6056
11.6191	-17.6491	41.9968
20.9527	-22.8794	7.18877
9.0145	-5.66233	48.5434
3.96705	-2.74371	47.5073
6.90466	-10.9233	-45.4405
7.01894	-7.05998	-48.3356
25.8938	-18.9468	32.1311
10.3557	-9.44138	45.9241
4.41845	-10.5173	46.4267
11.6757	-7.50005	40.9303
21.9522	-15.2888	-26.3542
21.7899	-14.0707	-35.8019
27.6635	-20.8604	-9.92378
14.2386	-24.4385	24.6127
13.5559	-7.34558	-47.9721
14.0088	-10.2073	-42.1827
9.05422	-11.0176	-44.854
6.92934	-16.3511	43.978
11.6436	-13.7127	-34.428
30.3426	-15.054	-6.57445
9.50247	-8.95553	45.7868
12.0863	-13.4566	-45.5938
16.8448	-10.0833	-42.1627
12.4662	-7.8392	46.9849
6.90957	-8.01337	48.5927
23.9663	-23.2481	5.44573
7.13166	-8.42108	47.6395
6.63386	-8.39727	-47.5239
10.1752	-5.10273	-47.8141
15.9095	-10.9083	-43.7323
9.19126	-4.80024	47.659
19.5943	-14.821	37.4941
6.446	-9.03426	-47.6879
21.3413	-16.7735	-31.86
6.66173	-12.2416	-46.97
12.6122	-19.4687	34.0574
10.5645	-13.8001	-41.2991
10.6273	-12.846	-42.4616
11.8691	-23.4908	32.596
22.0546	-15.1963	-22.1073
29.076	-22.8936	15.9228
28.2519	-14.6608	-23.6549
9.09263	-8.66129	47.9784
11.0196	-8.27375	-46.1041
6.79157	-4.79387	49.5051
5.11921	-9.32766	47.503
6.51041	-13.3424	41.5929
17.1391	-34.5553	6.84557
4.92192	-7.27719	-49.031
11.8123	-5.77393	46.3874
14.9243	-29.5166	-3.18355
17.7209	-25.774	-20.9546
5.90447	-11.8389	43.0478
14.1406	-17.2688	37.6099
19.069	-21.1888	-5.83994
21.5851	-17.6389	20.6247
19.0245	-9.24048	36.8797
29.36	-14.5751	-14.7287
15.4066	-26.6681	-4.10794
8.30191	-15.4924	-40.8148
22.1806	-16.4076	-26.0447
15.4375	-23.275	-27.0039
11.7606	-24.8009	37.3442
20.0233	-17.212	30.9142
9.1226	-17.9572	44.2817
18.0799	-19.8237	-30.9464
23.1218	-31.7704	1.60098
22.9873	-12.5903	29.8619
10.4258	-11.8669	-40.7344
17.2448	-23.4282	30.3664
4.19049	-3.3868	-48.5705
20.732	-22.6152	-22.0229
19.6005	-9.06164	38.1406
14.0531	-29.0691	24.9608
23.3745	-24.9886	-8.5524
9.0123	-14.3229	-45.2988
14.0885	-22.292	0.554556
14.517	-29.7884	-17.9537
18.4658	-10.1185	-38.2035
20.7999	-24.8464	10.7363
23.8053	-11.3078	27.9695
8.13466	-4.8457	-44.5281
16.1213	-6.69274	39.4513
15.5814	-22.6096	-33.3422
6.02413	-10.3052	-48.5052
20.5027	-27.2123	13.8534
8.18122	-12.229	-44.6478
14.7489	-29.0503	-19.7836
16.386	-27.7716	2.22861
30.3295	-22.7697	2.38801
9.37055	-5.15323	46.2691
12.4774	-5.3485	47.125
20.7471	-31.0481	5.03803
24.1507	-10.2824	-30.2579
29.6008	-24.6816	-8.87881
4.85044	-11.2246	44.2945
6.44135	-13.394	-44.5266
8.6193	-12.857	46.4066
8.81672	-15.4026	-40.9234
13.6446	-7.83112	42.0954
8.85188	-12.5239	-44.2128
10.07	-12.5272	-41.8635
13.6636	-30.6979	1.3723
12.5449	-10.1931	43.4812
24.0806	-15.0063	-6.54596
21.6086	-24.8825	-2.75884
12.5224	-10.3325	42.2952
22.5917	-14.4937	-33.3431
15.2376	-20.0754	35.6506
18.926	-11.8428	42.2087
28.7523	-13.4362	-11.0479
7.89513	-16.4713	36.0231
21.5396	-20.341	10.7812
21.6257	-21.3823	16.9398
11.91	-5.741	-47.081
15.5501	-9.10799	41.0304
11.1173	-24.4071	-30.654
4.96075	-7.90176	48.8303
20.7197	-25.0182	-27.5917
25.4217	-21.9422	8.07898
7.51794	-8.51241	-49.1489
16.6082	-13.3282	39.5945
20.4761	-14.0022	33.6255
18.7843	-16.1646	-30.0913
15.8723	-11.9979	37.4726
14.6085	-25.8124	-30.0047
14.2647	-23.3213	-32.4987
27.0575	-20.8581	11.7106
14.6454	-20.998	29.5896
28.319	-20.4476	-12.5491
16.3738	-28.5844	22.8462
24.161	-24.1547	-7.8181
8.0987	-14.7216	-45.6462
28.2946	-15.8231	-10.4131
26.3416	-17.8461	1.9952
12.2956	-5.38827	-44.4705
19.5358	-18.2573	35.3521
26.4946	-17.443	13.3831
30.2588	-21.1251	10.2206
23.263	-15.7504	-27.8502
7.2168	-10.4468	-47.5417
6.50631	-3.43101	48.935
9.35204	-4.10387	-48.0883
24.2276	-14.0897	34.6793
6.95222	-5.20897	-48.9518
5.59383	-9.2718	-47.315
23.6849	-15.8531	1.93465
15.0482	-27.435	8.61009
19.4938	-23.9318	10.9194
5.85678	-4.1348	-46.7987
4.19333	-7.85655	47.8657
10.3719	-4.44362	44.2376
12.1294	-28.5611	17.39
21.7841	-17.2723	-29.3702
12.5938	-18.8288	40.4856
5.66552	-7.51238	48.7139
30.8524	-21.7766	-18.5502
30.7203	-18.369	-20.6542
20.55	-21.7827	-31.9611
14.486	-17.2322	-32.2006
13.3907	-9.85	-40.0466
24.654	-17.1454	-18.3909
15.0151	-24.5715	18.877
10.5142	-6.29737	47.0676
9.241	-19.2342	-37.3591
18.4256	-17.1794	-40.0373
28.9773	-12.2209	25.6879
10.371	-20.759	-40.6559
7.24836	-17.1152	-35.9847
12.8726	-28.019	18.8972
12.8124	-6.59091	-40.7359
19.4205	-11.2543	-32.2441
11.8269	-15.0811	42.3507
3.44996	-6.35064	48.1522
13.1376	-6.60845	-45.3937
8.45983	-11.3653	-42.3963
22.4178	-22.9806	11.697
19.6438	-32.893	0.438308
14.4762	-9.03181	-43.3336
14.7003	-8.79131	40.6457
23.1066	-13.2221	-30.3939
27.948	-14.8975	19.7824
19.2412	-24.0811	-14.1789
11.2174	-9.50172	-46.8437
11.2595	-16.7841	-43.2131
25.6304	-12.0328	-19.7918
16.5706	-11.2856	41.4721
12.3541	-8.76402	44.5582
16.7379	-22.2571	26.1923
18.1721	-24.5215	18.9432
8.3932	-11.4559	-44.2704
12.4918	-5.43059	-43.7063
4.01947	-9.66493	-47.1257
21.7781	-20.1518	-14.1928
7.04625	-16.871	38.1187
18.0758	-17.0913	-25.8806
8.59255	-7.38487	47.1441
17.28	-25.8274	-3.82367
13.7526	-14.3992	41.0525
15.8445	-17.6136	-32.6406
13.5549	-17.7861	35.5217
14.422	-8.46867	-45.6892
13.5363	-26.003	-30.0614
16.663	-19.9462	-31.3657
11.3721	-19.8382	35.9026
13.8567	-28.4026	24.9661
31.7738	-15.6234	12.3985
11.8387	-11.9767	42.6342
8.71294	-4.88409	47.8587
14.8593	-19.4713	-35.1111
30.1329	-14.4258	-14.2487
16.1323	-25.5722	-13.388
18.7764	-18.4164	-32.36
8.76912	-6.82906	42.5336
26.0435	-21.6759	16.5037
10.3226	-11.0513	-43.5806
7.76708	-6.36132	48.9911
14.9153	-25.5258	29.8758
13.4896	-12.9847	43.8916
11.4961	-16.8768	-40.7813
14.4977	-12.793	-43.5475
10.1987	-5.18145	-46.8983
6.39482	-14.9677	45.2401
22.1701	-21.8094	29.6347
10.0713	-16.4497	40.8733
8.61862	-17.1341	-41.6566
12.4242	-22.072	-33.7115
22.4069	-12.8973	32.8884
8.92267	-7.10349	47.5143
5.0307	-11.329	-47.5802
7.3199	-10.3508	-47.3331
24.8512	-17.2704	8.43625
14.6733	-21.9977	34.5094
10.882	-13.1945	-41.0336
6.05198	-9.84688	47.29
12.5629	-25.4433	30.3246
8.46889	-17.31	-38.0322
15.7994	-13.1221	40.6969
26.2296	-13.7169	23.1199
16.1047	-11.5028	41.5825
11.4214	-20.6373	-37.4653
5.56971	-13.0482	-45.9171
8.17397	-7.8744	47.196
14.6111	-31.3422	17.7611
24.0316	-21.739	0.950516
7.14865	-12.2872	47.8919
13.0319	-5.66785	-47.0454
21.2913	-15.1188	31.6625
12.7989	-15.7265	40.4216
25.5099	-19.9202	22.4009
10.2888	-22.4761	-27.7915
27.5598	-21.3397	20.094
18.3146	-9.2641	-41.0198
6.8065	-9.58646	47.1736
5.48354	-10.3762	-47.7093
8.94022	-8.90745	-47.815
7.47948	-10.8274	43.4928
18.0635	-11.495	-37.8337
6.06728	-12.4198	45.9152
8.156	-11.7111	43.7244
5.33386	-12.0089	47.7465
11.1301	-9.20499	-45.7189
26.5009	-11.7016	26.5717
28.319	-13.7697	-9.5395
27.6435	-16.7637	15.9655
13.3654	-6.212	-45.5653
27.6305	-24.3661	13.9757
25.2621	-18.2832	12.6103
15.451	-21.1184	22.0354
20.6671	-26.4497	12.436
10.7946	-25.5667	22.9377
6.02754	-7.91793	48.0892
6.17239	-13.1064	45.8113
27.2908	-22.2261	-9.404
18.7968	-20.4217	34.2504
20.3255	-9.76934	-36.2465
11.0338	-6.84318	44.6896
11.9831	-4.98787	46.3368
8.7472	-16.0631	46.1513
20.0893	-19.0448	-15.2929
8.19058	-5.33637	46.3116
17.9433	-19.2795	-21.2686
5.31642	-3.73271	-48.5528
15.8311	-11.5096	-43.3289
18.8773	-9.08534	33.5158
7.6623	-6.73899	48.7378
20.1546	-25.3093	19.8622
10.4702	-15.5764	40.1157
7.9077	-14.8467	46.4609
15.715	-16.8648	-35.2226
10.6308	-13.1713	44.6929
17.3052	-31.2896	0.477505
14.8166	-16.3996	-43.4046
21.672	-11.0568	-36.1635
12.5957	-29.2197	-18.9678
18.7037	-13.6678	39.14
25.3465	-20.3446	-20.144
9.19648	-13.141	44.9178
9.41261	-20.3334	40.7765
14.0175	-30.95	-10.5033
15.6447	-28.0489	18.3634
8.5346	-14.3627	37.2666
18.7331	-24.4968	16.0772
7.66372	-12.3247	45.0745
25.7899	-29.4328	4.59638
27.4486	-14.6454	-27.0156
16.5025	-18.2776	35.5574
21.064	-12.0269	-35.8944
19.2375	-28.0048	-12.2372
23.5703	-21.9689	2.90146
13.5543	-13.3949	41.0898
12.9798	-7.18398	-42.2282
15.4577	-19.6622	-34.4305
26.7297	-14.3206	29.7695
16.6691	-20.5126	34.6123
9.22805	-12.3199	39.323
28.4871	-22.2732	-19.5726
14.5768	-16.0061	26.2473
19.9662	-9.9269	-41.4783
24.2522	-10.5194	32.6187
17.0555	-13.6986	-39.2579
7.23856	-8.67804	45.4679
15.3059	-13.3534	39.7283
20.8257	-31.2836	10.1822
17.1881	-24.4283	-6.12258
5.55277	-10.7024	-47.1331
5.78311	-6.06795	49.4249
23.7846	-12.7778	-21.9887
9.9526	-7.80411	-43.6023
22.15	-17.2535	8.86318
13.6798	-12.8142	44.1068
7.26367	-16.7431	-41.571
21.83	-12.6201	33.7446
7.28222	-4.20402	-48.2473
13.0927	-6.01863	-40.038
25.2141	-12.7385	29.3102
10.329	-19.3845	-33.2274
16.0224	-21.9574	-34.0464
14.0479	-22.3387	-31.9743
19.9317	-14.6137	-16.3145
14.7559	-14.2533	41.136
10.9374	-5.71852	45.5867
12.7781	-11.551	-41.5966
14.3694	-6.10298	42.5111
21.4937	-13.5198	-38.0957
9.04971	-9.16509	-45.5257
15.7164	-13.1586	-43.2204
8.03045	-7.50035	-44.8069
15.3698	-14.1733	-40.6102
9.54581	-12.2263	-43.9966
4.61692	-8.55091	-48.8653
5.21065	-6.59718	47.8551
28.0792	-16.8257	11.3565
7.02147	-11.8552	-47.2651
21.379	-21.7803	-30.0164
16.2242	-20.0075	-37.9219
22.624	-32.0323	-11.8776
15.1261	-8.09876	-42.0189
13.8706	-11.4305	40.2971
9.37901	-3.90398	-47.1467
31.1673	-14.1937	-9.44579
22.2839	-10.2687	38.2188
24.8033	-17.3118	-15.2619
17.6492	-27.9626	-19.2015
12.6858	-6.80876	41.8881
11.1331	-9.51218	-43.4576
5.61357	-9.79374	48.8668
19.0594	-9.60342	-39.2633
14.4093	-12.6741	42.3333
14.066	-31.2065	6.90032
24.7547	-12.3302	6.52352
9.97623	-14.0937	39.3379
22.7523	-11.9229	32.653
23.5802	-21.7031	21.2647
19.4645	-25.9415	-3.44083
15.3214	-11.1354	-37.5491
20.2352	-19.0045	28.871
14.6028	-33.0967	-5.6798
28.5081	-13.7127	11.2224
10.3701	-22.1351	-31.9097
9.19412	-6.8618	47.0998
8.23283	-5.88967	-47.5068
10.9542	-17.8418	43.0359
21.718	-20.8192	26.1534
17.8114	-24.5856	-19.3813
13.4051	-10.4184	40.9873
7.2267	-7.16639	-48.2821
13.5962	-13.2432	-34.4661
18.6347	-23.2998	-27.0134
13.8128	-18.8891	36.3202
12.1828	-27.4198	31.4058
5.95582	-9.37094	-46.2089
11.2475	-26.1616	20.9255
20.8061	-11.1936	31.3526
27.0692	-16.4959	-13.0951
11.4304	-8.09823	-45.1778
22.8665	-21.9999	14.7335
11.8717	-19.5831	-29.4276
6.17451	-10.8462	-46.6674
12.0963	-25.0375	-32.4078
15.3898	-25.707	-10.7351
28.8004	-19.5143	-7.92937
14.1897	-19.2615	28.6044
23.0332	-18.2936	-26.7095
24.5615	-18.3504	-32.7575
22.246	-21.2998	-16.9035
13.9222	-26.2806	19.2205
10.74	-10.5911	-45.3351
8.2123	-7.24167	46.0566
7.51117	-10.4465	-44.8872
14.1762	-12.7193	38.1913
9.59764	-16.1663	44.9436
14.0073	-13.7302	-38.6822
14.0763	-17.8976	35.3549
14.2892	-18.7798	40.6297
23.6045	-18.8089	-2.07433
26.1434	-21.217	-17.5207
28.7301	-19.5342	-1.55534
13.0034	-15.4306	40.0248
22.0251	-21.3503	-27.192
21.3536	-24.505	20.6794
14.6053	-13.7881	40.0489
17.9907	-14.5016	-32.5098
26.0459	-15.4576	2.72183
7.25	-3.4614	-47.2851
13.5716	-27.5987	-26.5367
5.5872	-9.75296	-46.5645
21.1335	-24.328	18.2132
23.8793	-12.5151	28.6931
9.99117	-23.5299	34.9863
18.345	-18.9145	27.1414
16.8411	-28.5704	0.146502
4.38107	-6.02485	45.6326
12.9261	-11.322	42.1097
13.0657	-22.1375	-25.1406
26.4666	-19.2617	-22.3308
27.1345	-12.4643	16.8246
24.3067	-25.8467	15.0529
16.9295	-10.2502	-41.8816
18.1235	-14.8634	28.9818
20.0306	-26.2065	-29.6468
13.7495	-5.89736	-46.4587
30.1904	-21.3965	1.87681
16.4211	-29.7334	15.2762
8.42907	-10.0201	47.063
14.791	-7.85226	-41.9593
26.0762	-23.1617	-2.06247
18.189	-28.6024	8.03875
18.8227	-12.3669	-31.9068
5.43098	-8.25565	-46.5208
20.6029	-23.0887	-7.16485
18.997	-9.87581	41.0646
28.3615	-11.9344	-28.4928
13.4261	-23.1059	-26.5126
6.3063	-12.5405	-45.0078
15.675	-12.3403	43.5919
7.43364	-6.11509	48.4478
5.94007	-10.6768	-42.606
4.79594	-9.96588	48.8384
24.6887	-24.2983	21.4871
13.4323	-20.776	35.507
5.95915	-7.42296	-47.759
13.6157	-24.0151	-35.3195
19.1268	-22.7609	-21.6413
28.042	-11.7802	1.30924
23.2435	-18.1524	16.7635
15.9492	-26.7362	-20.4334
24.2116	-17.7071	-15.4497
20.0059	-16.3803	-36.3743
7.17847	-3.43685	-48.9084
12.4334	-22.0495	33.5684
30.8361	-14.3271	2.85901
3.56153	-7.84147	-49.3393
19.3092	-29.3789	-2.83008
10.3596	-8.9371	-47.1607
5.72689	-5.78565	48.6826
20.0177	-29.6015	7.55706
6.05614	-7.859	-47.5459
5.82634	-8.17042	49.274
12.3854	-14.4118	-41.6803
16.3136	-29.2218	18.4802
14.3801	-16.4657	37.4152
12.9477	-21.0993	-35.7142
9.78702	-7.76657	-46.0624
16.6901	-20.3708	-32.2963
2.30085	-1.30814	-48.1445
18.9203	-30.9936	19.7392
9.22475	-3.98303	-45.4852
20.7224	-15.7428	-32.5831
11.1333	-5.31385	44.9094
4.5528	-10.3505	48.8553
2.4391	-3.07494	-49.1238
25.6767	-11.9927	-28.8671
19.5691	-17.8225	-27.9747
22.0581	-26.0287	10.7539
21.5931	-10.0387	-33.0558
19.468	-15.5849	-30.512
16.6633	-23.595	28.5144
12.5417	-6.9684	45.794
19.5319	-18.5504	35.3038
14.4015	-31.1028	-13.3609
4.75715	-9.61095	-47.391
20.1745	-24.6721	-19.1473
15.125	-8.71564	-42.4698
5.53317	-7.62444	48.8995
6.62498	-12.1454	44.8169
4.07412	-8.17803	48.4649
12.427	-25.6623	-25.0324
26.0338	-14.8838	16.8083
18.4098	-28.2923	10.2436
14.7529	-17.1385	38.4132
12.0785	-11.835	-41.0511
21.4984	-13.3149	-37.0169
17.6891	-14.4901	-37.6407
22.3497	-21.8568	-16.2591
3.32571	-5.21433	-47.3478
31.2707	-13.2133	-8.77506
8.03759	-16.8612	43.361
10.066	-7.38739	-46.9667
12.3597	-8.54417	44.374
6.10686	-7.21927	47.7522
10.976	-7.70744	-47.4464
15.7584	-23.208	-23.1474
6.09032	-6.41155	47.9245
11.4985	-25.0656	-2.24333
7.8873	-18.9038	42.4365
12.1628	-14.0107	36.4969
15.7933	-24.5745	-26.5386
7.83688	-14.0292	43.7739
5.6085	-6.5955	-48.2165
9.64028	-12.6819	-46.1449
16.4002	-8.51386	-44.441
27.7125	-18.4478	-4.85812
4.35452	-5.77859	-49.0641
21.1523	-11.4086	-31.3663
25.1188	-21.9237	-23.4999
7.128	-11.5612	46.7992
9.4451	-10.6632	46.3266
8.9456	-5.01855	46.6771
15.5582	-22.197	33.2567
13.5924	-5.73703	-46.8737
3.38781	-7.598	-48.1313
