-32.0462	1.83793	-11.7139
-7.88219	3.13305	47.4128
-28.7451	-9.33987	13.0185
-19.916	8.16136	38.0874
-5.74953	-1.98685	48.8698
-22.3002	5.73955	30.4304
-23.1592	-4.68067	40.0192
-34.3916	-13.0437	-6.53221
-27.1669	-3.5829	-29.025
-7.18266	-1.07156	-47.4509
-24.5824	5.22777	-29.5383
-19.2432	3.95324	-40.4548
-30.0833	-4.02867	-13.4754
-8.14441	-1.47487	-48.6733
-18.4821	-6.40051	-39.8639
-8.78157	2.06551	48.2071
-28.8791	8.71264	24.6307
-15.0454	-5.48862	-40.9997
-12.1169	3.85079	-46.6734
-29.8117	6.38545	24.3653
-18.3894	0.457537	-43.7441
-15.3717	5.06105	-44.5684
-33.7518	1.8577	-8.83795
-7.43239	-2.33348	-48.0961
-13.5902	3.3436	-46.2349
-7.09555	-1.21304	-49.1431
-25.9421	7.07625	-30.8855
-9.32815	-0.0219484	-48.2925
-33.6663	3.48269	-21.4619
-26.3073	7.06023	-26.5354
-12.6738	0.105147	-45.185
-11.8591	-3.36982	-47.0044
-20.6669	3.02049	42.1473
-7.02922	-1.73249	48.9386
-23.8793	4.52942	38.1593
-28.6732	-10.9794	-21.6812
-8.58457	-3.0077	-47.4183
-16.5019	-4.48733	-39.7899
-32.4127	-13.3201	-7.14087
-32.5961	-4.66394	12.0326
-7.12946	-0.100095	48.2414
-27.8519	-0.300815	-34.7384
-12.6933	3.59284	-46.8155
-32.7618	-6.69862	10.8108
-32.5854	6.38339	-23.7016
-27.6749	-9.29854	24.6931
-13.0322	-0.715083	46.378
-13.916	1.32406	43.3818
-21.216	-7.55991	-39.5698
-10.0305	-4.046	-46.6183
-23.3389	-1.47803	-35.0343
-30.6482	-6.299	9.23082
-29.9804	-4.16026	24.6184
-19.4394	2.21492	40.3595
-32.4069	-9.65027	4.40045
-28.9712	10.9004	-20.935
-23.1346	5.94126	-35.6648
-30.071	8.37499	-0.576998
-14.5454	-3.61676	44.1759
-11.3731	-3.76341	47.6287
-31.7746	9.98468	-14.072
-31.985	-13.133	3.61414
-28.7132	-3.51628	21.2976
-25.0445	9.38173	-23.0147
-32.5622	-11.4943	5.19993
-16.4166	-1.49172	-44.7744
-33.7836	-2.85475	-3.24626
-25.9705	-1.00874	29.8169
-19.8873	-2.83604	38.302
-15.9784	-4.61225	44.4481
-21.572	4.22966	36.4537
-34.9922	2.82844	0.991129
-26.2964	4.50764	-27.8128
-10.0904	-3.98106	48.0195
-29.7656	7.0268	19.0203
-34.6479	-2.87726	-21.2619
-5.64713	0.0760703	-48.8973
-28.8751	6.55131	-1.61812
-18.5642	2.13008	-42.2607
-18.3963	2.43183	-42.3731
-29.4103	2.63436	-25.1415
-9.34833	2.83761	-47.6443
-9.18666	3.49664	47.1865
-32.1782	12.8401	-9.15051
-33.2144	11.7529	0.978244
-34.3958	-1.87963	2.82802
-5.4275	-1.63191	-48.74
-33.1016	1.02606	-14.3694
-19.617	-5.83918	-35.7835
-18.8149	6.68353	40.5364
-20.5625	2.96553	40.0976
-13.8325	4.84355	46.4257
-23.0901	7.23257	-29.1383
-6.42632	2.3493	-49.0278
-13.8628	2.53443	-41.842
-34.9878	-4.19496	1.98323
-32.4614	-0.86268	-16.4631
-15.2331	3.10462	-45.4426
-15.1512	-5.27119	-44.9125
-23.6694	-6.53146	33.0296
-35.0264	-5.49433	-0.899013
-12.4916	0.979792	-47.7284
-29.173	2.10331	-26.2341
-8.06536	1.19144	48.924
-19.82	-7.50411	37.6509
-8.26209	-3.19069	48.3757
-8.00931	0.698048	-48.8811
-20.5819	6.38764	37.8072
-9.5948	-1.79768	-47.3149
-9.78307	1.35277	-47.7859
-12.7554	0.283994	-45.8266
-15.4097	2.95544	-45.8016
-13.581	1.39306	-45.9382
-13.1032	0.540362	44.9234
-32.8682	-2.83472	4.97935
-18.7009	0.775036	42.7284
-16.8424	-2.38594	-43.0344
-2.52203	-0.0800164	-49.124
-25.6568	-4.06902	32.6178
-20.4325	4.36171	40.4546
-14.4661	-4.108	44.7748
-30.2872	-12.5348	15.1231
-29.2553	-2.86897	26.191
-33.5791	-2.18043	2.69431
-27.4858	0.487266	-33.4433
-23.6812	-5.49417	38.2513
-12.9886	3.8385	-47.7121
-13.1181	-1.81551	47.1745
-10.7089	-1.22685	-47.8944
-20.8606	7.32702	36.7981
-16.5809	-4.10582	-38.5477
-6.55718	-1.14587	48.9911
-8.89493	3.3444	48.6357
-16.6	-5.12165	42.1486
-27.2957	-5.1908	29.4318
-17.6146	-2.31274	-36.1197
-15.003	-4.76583	44.3909
-17.0681	-1.99461	44.4348
-7.29248	0.865308	49.2137
-32.7654	-3.41886	10.8508
-26.5237	7.96992	-26.738
-8.06534	1.92486	48.8218
-27.6866	9.51875	-23.7119
-11.015	-2.08689	47.263
-23.4008	1.21389	33.9011
-25.4199	-5.92536	34.8853
-27.2131	9.52143	22.1206
-18.531	-3.73766	-40.7315
-28.6231	6.61201	21.6448
-28.3574	1.94943	26.6352
-18.9671	4.78707	42.0584
-17.8395	-5.93545	42.2896
-18.9916	-5.92265	41.3681
-22.318	6.80839	38.1555
-19.8009	5.11591	41.0069
-34.6292	-9.54278	5.17896
-30.4989	-3.31864	-7.06502
-32.4336	3.72038	-23.2341
-10.0464	0.981471	-47.7177
-14.9607	-2.80824	-43.1612
-26.7035	-7.0202	26.0859
-26.5308	-6.86042	-26.2583
-26.5129	8.42816	22.0132
-23.1815	8.01886	-40.9982
-20.3623	-0.59536	-37.2525
-27.4669	-7.77487	20.9008
-32.1285	3.96244	-1.80573
-17.5462	1.2906	-41.4582
-23.815	0.520197	-36.1117
-25.7192	5.03677	-32.205
-25.7499	3.57732	-32.9907
-20.0244	5.89744	39.2231
-32.8574	-8.07263	-5.34485
-16.1533	1.43028	44.9589
-27.8548	-11.2856	-6.53584
-34.8801	0.0575308	-15.3843
-29.8086	3.40596	21.1639
-9.10428	-0.794942	49.228
-7.94126	-3.11066	-47.3726
-11.0102	1.68294	47.8666
-31.2162	-6.22195	12.0269
-28.3334	1.81422	23.943
-9.5923	2.55619	48.8304
-20.2921	-0.713406	-41.0852
-30.5238	3.71602	-11.6639
-27.4175	-10.9794	-28.2776
-33.122	-12.1689	-1.41486
-33.0137	-8.36268	-15.6976
-23.3715	7.20666	34.8797
-18.4715	-5.93343	-40.5361
-19.608	-5.87025	-42.2133
-30.1905	11.3717	-20.4162
-22.9469	-5.57079	-36.0389
-10.1284	1.79002	46.9907
-9.5167	-3.72188	-48.4366
-13.359	-1.84809	43.7789
-19.027	-1.93828	36.5409
-29.3011	5.91593	-28.1829
-15.9803	-3.66337	-41.3399
-23.2622	9.11304	-29.7573
-7.71779	1.56948	48.2098
-14.458	-5.68807	43.5345
-33.7453	2.59206	18.2885
-14.1527	0.204669	47.6248
-16.2625	0.016532	-42.0521
-15.3852	-4.53735	42.3093
-25.519	-5.97166	-29.2515
-34.2774	-13.5225	-0.899045
-8.18252	-0.335654	-47.5038
-24.915	2.29745	-32.4792
-10.892	1.15083	47.6181
-16.7844	2.60469	39.492
-20.8446	-3.6918	34.6941
-22.5087	-6.44278	-35.423
-21.2615	0.361351	37.4494
-30.5002	-5.57796	-22.3744
-24.9754	0.0146995	-35.7033
-8.59765	3.25229	47.0088
-15.9338	-6.53486	-44.37
-29.1534	-4.16553	-6.46629
-18.0163	1.30674	-43.2069
-5.55033	-1.40578	-48.7264
-23.2749	8.19591	37.9598
-7.48233	-1.29164	-48.1863
-17.5277	2.64189	40.3777
-13.4233	0.581357	-46.2895
-27.4253	8.44328	23.5891
-25.053	-0.7503	29.7901
-17.1326	7.05022	39.4951
-28.1748	-6.92474	24.1829
-19.9965	3.76326	39.7958
-16.0329	-1.90143	43.6967
-8.51875	0.52934	48.8098
-32.725	-2.58433	-22.6169
-32.9039	9.48171	-7.02669
-14.4555	4.11019	44.1879
-24.7135	6.04357	28.6022
-21.6686	-6.99137	38.8269
-28.9653	-4.49748	-17.442
-34.5106	7.38324	13.2879
-15.6423	-3.20312	45.5857
-27.6085	-5.02161	9.78782
-11.8886	0.55807	45.0702
-8.43369	1.15891	48.5409
-32.3145	11.0334	-1.2416
-26.2087	-2.77711	-26.3847
-26.9607	-1.76824	22.9422
-21.1157	-6.82577	33.7111
-20.2533	-5.81891	35.3023
-15.8083	2.48187	43.1778
-11.619	0.0657032	45.6522
-31.364	12.8831	16.2303
-8.23238	-0.75751	48.9673
-6.49335	1.03542	49.1192
-22.5211	3.55769	34.9885
-21.2512	-2.71472	37.5389
-15.2522	1.51429	42.421
-32.3696	-0.86352	-10.6275
-14.9345	-1.85991	-46.0585
-21.5845	3.0396	-39.8892
-13.0536	-1.52875	45.3621
-16.334	-2.83939	40.0541
-7.31128	-2.98779	-48.6044
-7.56138	-3.08737	47.0096
-22.3637	0.80506	36.4277
-27.7203	-4.2431	-24.3824
-9.31597	3.17181	-47.3607
-32.3172	-1.71633	11.6334
-24.2513	1.4322	33.13
-21.8583	3.99586	37.9588
-30.2523	-1.76871	17.3802
-23.7169	-2.97141	-34.007
-27.1905	-0.795163	20.6767
-23.3378	-9.13059	-33.6089
-7.46573	-0.536917	-48.4352
-29.1806	-1.14268	-23.6574
-13.0004	2.09115	44.8346
-11.4936	3.30545	45.8982
-18.1698	-3.33871	-37.535
-31.4278	10.818	19.8677
-34.4028	-5.91792	-5.0791
-20.5798	7.94806	38.2812
-21.1192	4.72734	-34.5705
-11.1536	-3.23322	47.1324
-10.5311	-1.51501	47.741
-19.9235	-6.02823	-42.7186
-12.4103	3.3446	46.5775
-17.4526	4.1458	41.177
-12.6238	-3.9627	-43.0156
-22.9592	-4.81003	36.6252
-8.05892	0.487305	-48.5002
-11.4041	-2.61161	-46.7728
-25.0025	9.72783	-21.9878
-31.1608	-12.3772	-13.9232
-13.3982	-0.664211	-44.3722
-33.3484	-10.2979	-4.54075
-36.6423	-3.06598	-2.79335
-30.0942	7.48568	22.7889
-17.3176	-1.95927	39.2078
-16.4252	3.6017	-45.4061
-28.5533	-4.9064	-29.9818
-28.0119	-10.6329	-26.8905
-14.9578	-2.37831	-45.1744
-29.2008	-3.03283	32.6527
-7.1699	2.05255	-47.1441
-7.65373	2.71419	48.5616
-16.9408	-2.14322	44.1556
-7.00484	2.14889	49.092
-29.5256	10.7323	2.44343
-32.9976	-5.00722	-1.46911
-17.4597	-5.61821	-39.808
-12.4169	-4.01476	45.9598
-28.0062	-2.85087	29.2753
-34.1956	6.19846	-7.91614
-19.8258	-1.76565	37.4727
-30.5288	-4.30282	24.7114
-22.251	-3.27715	33.337
-33.2328	-1.74507	-23.2038
-6.45727	0.722568	48.8282
-23.4536	-3.20061	-35.0509
-28.5029	6.56249	-22.9331
-14.5683	0.44745	44.7187
-12.3231	-4.58213	-45.0896
-27.228	-8.15406	-25.8709
-18.7784	6.15139	41.5955
-28.2058	-4.77473	-21.3316
-14.8705	-5.93943	-40.8232
-18.1695	3.35032	-42.2666
-32.5774	-11.7025	-18.871
-22.6683	4.84424	-38.5966
-15.6106	1.2366	-45.9806
-26.1054	-9.15093	27.73
-18.9316	-3.75301	35.9597
-33.294	-1.9728	18.8448
-17.185	3.73802	44.4792
-6.94668	-2.78388	49.0935
-15.7644	-4.86066	-39.6624
-10.3743	3.7172	46.591
-27.0966	10.6941	-27.6279
-34.1691	-0.473756	-2.95868
-9.61062	3.76411	45.2973
-26.4775	-7.29561	32.3812
-32.3014	-0.301458	-18.2039
-12.4586	3.00019	-43.2662
-5.56065	-0.277833	-48.0036
-18.7316	-2.77302	41.0927
-36.8409	-4.91803	11.5256
-27.8792	-8.48227	-22.2264
-7.16597	0.0523123	-48.7603
-25.0539	9.14995	-31.8802
-24.3956	1.95656	-36.4614
-7.39718	0.105563	-49.2796
-36.4374	8.7206	1.95187
-18.5735	-3.5758	41.364
-20.7483	8.24531	38.1258
-22.4806	-9.08109	-38.1041
-12.142	2.03777	-45.9822
-35.4468	5.73342	10.102
-6.85574	-1.43738	-48.5191
-36.0585	-0.723018	11.5534
-10.9776	-1.60868	48.1669
-34.813	4.00499	-19.1495
-27.4988	2.0204	30.6074
-26.346	5.14725	-31.5038
-24.4054	4.28888	33.3166
-21.4433	2.6437	37.822
-16.3422	5.38533	-43.0699
-21.7497	-8.77665	30.8493
-14.0103	-5.06505	44.6957
-24.0997	-2.17243	32.923
-16.2187	-1.2613	-46.2208
-27.2383	-7.71804	-29.7537
-29.8955	7.15008	-27.9301
-22.0605	-7.84534	-39.2418
-8.41416	0.756349	47.8109
-8.2107	0.924784	48.1275
-5.85176	-1.0261	48.4941
-10.3166	0.712387	47.2325
-34.1077	-12.9158	1.77257
-25.4677	6.21875	-27.2065
-8.11286	-1.35056	47.3781
-9.40767	0.344333	-48.0774
-19.8417	6.62459	-40.0047
-14.9576	4.06815	44.8465
-30.2	1.28782	28.542
-7.17767	-1.48809	-47.8445
-30.1683	0.444722	28.2936
-13.5434	5.03111	-43.0629
-26.4325	-10.7932	-28.8758
-8.98062	-2.41723	47.3078
-12.2205	-0.0858	-46.4355
-27.4879	2.54057	26.6097
-35.6208	-3.27883	9.51843
-31.2344	3.55847	16.2127
-11.4769	3.80451	-46.6269
-10.6195	2.81575	-47.3124
-30.148	0.154274	-25.3606
-33.6025	-1.62322	-18.2803
-21.6071	-5.87061	-27.621
-9.44425	0.370049	-47.8489
-26.9714	5.97806	-31.9753
-33.7004	7.06794	11.272
-12.09	0.806174	-47.835
-16.5602	5.84949	-42.3468
-31.2866	4.28199	0.581562
-18.136	4.4153	-41.2539
-19.7129	6.59266	41.026
-29.2418	-7.98493	26.3777
-25.2439	-1.02313	-36.1072
-16.2165	-2.6457	-44.7509
-25.6441	2.91114	-31.3723
-14.5232	5.34187	40.2822
-30.2396	10.4068	24.2024
-25.1129	-6.34734	-34.2262
-29.5228	7.2728	-15.9158
-17.5898	-0.118653	44.3322
-14.1482	-1.03495	47.1707
-30.3405	-2.65292	18.6803
-15.0805	-1.25446	46.278
-15.4364	-5.02035	-43.8844
-25.0671	-2.17903	-28.3042
-27.3961	-2.22796	-30.2203
-14.9927	-1.77458	46.199
-33.362	-2.26938	-16.7917
-7.40904	3.02451	48.3953
-24.4598	3.1783	32.4169
-8.52831	1.85599	-46.9767
-31.6706	3.5474	22.7869
-16.7999	1.92636	42.8924
-10.6684	2.23905	47.1621
-35.4663	-2.60844	2.07001
-10.3881	3.6413	-46.6455
-21.3082	-4.04169	40.5252
-20.5403	-1.4297	40.2857
-32.4069	9.05417	8.72054
-11.4045	-0.911432	-47.3687
-27.8364	-4.95607	-24.2689
-15.2169	1.71732	45.1429
-19.1288	-0.064809	-39.4458
-8.01056	-0.695716	-48.1658
-21.2548	-0.378223	-40.3548
-34.4706	-3.58812	8.34121
-24.979	-3.43647	-24.6893
-14.9418	3.51338	44.947
-28.012	-4.45756	24.1769
-14.0597	1.31759	45.2429
-21.3385	0.651487	35.7479
-27.4343	-3.42948	31.8088
-10.7194	-3.34578	-47.1574
-31.7161	5.31972	23.3838
-7.46091	2.64247	47.9347
-6.41845	0.326274	49.3634
-10.6431	3.81452	-48.0827
-26.7049	3.89372	17.3093
-17.7351	6.11519	-41.2392
-21.1714	-7.1589	34.3407
-9.93552	0.313781	47.4169
-14.6488	3.9938	-41.6667
-6.88051	-0.683254	48.3112
-35.9896	-0.799599	9.68849
-8.99394	3.15627	47.5059
-10.3955	2.49426	-47.7173
-8.69033	-1.96769	45.967
-13.5871	4.45564	44.4024
-30.1348	1.43822	-15.5674
-11.025	-3.84978	45.8436
-33.8031	-8.21747	21.3696
-34.0564	4.52165	-10.4238
-30.5422	7.94849	-29.0771
-5.04992	1.73715	-47.8461
-33.4795	-0.469222	14.4281
-25.0308	-2.30258	34.2515
-25.5476	-6.46976	-28.8522
-22.963	8.29943	-33.4469
-11.2102	0.349713	47.9764
-30.1594	4.52118	27.3391
-31.8916	-9.77846	-11.3664
-25.0376	6.14116	33.2754
-33.9927	0.823204	-20.0373
-26.9887	6.24336	-31.2374
-25.4296	-5.75424	29.3607
-21.3381	2.87589	-38.9024
-20.9915	0.509758	-40.388
-14.369	2.36072	-43.7442
-25.9191	-7.82052	-29.6864
-10.9139	2.49584	-47.6982
-15.6848	2.68417	-42.2752
-18.2456	0.372543	41.9758
-26.4484	-5.56509	-23.716
-10.4699	-1.82966	-47.7919
-17.7853	-1.33856	-42.61
-26.0243	-10.1467	27.1931
-12.8663	3.51965	42.8244
-8.79644	0.397338	-48.0035
-16.6605	-3.93792	-44.4911
-9.54622	2.18584	46.0495
-12.836	-1.62199	44.2625
-11.9857	3.51892	-47.5356
-35.2164	0.940539	-10.0239
-25.4862	3.50294	-35.4681
-26.2497	10.54	35.0002
-19.1636	-2.90478	40.7528
-22.1565	6.52229	36.1015
-16.2093	1.67859	43.1432
-30.6479	-12.3709	11.0099
-14.4153	1.94252	44.0914
-11.4428	0.494765	-44.7133
-13.4716	-4.98278	-45.5934
-34.7091	-1.23088	-17.3337
-11.2349	-2.78649	46.1979
-24.8789	-5.58946	25.4779
-11.6037	1.03095	-46.9089
-25.6005	-3.09509	31.8849
-13.5417	-2.97851	45.8046
-9.45385	0.359756	-48.5562
-16.829	4.74551	42.7417
-11.7817	-1.94778	46.6967
-31.1079	-3.73404	-18.2869
-8.08894	2.83111	-46.7209
-35.0238	-9.16718	3.97553
-29.7511	9.22642	5.03896
-20.5567	-2.47797	36.923
-12.8778	2.82244	44.3266
-18.349	0.00962909	-39.8069
-22.3199	-0.65383	39.129
-22.7514	-4.12677	31.9202
-30.8497	-8.10201	8.97807
-32.5203	10.6802	8.09018
-28.1661	-4.49472	-32.346
-9.12529	-1.69675	-48.7495
-33.412	-1.83622	-0.569923
-33.7845	7.75385	-8.79832
-33.279	-6.35249	16.4836
-12.9035	3.4955	45.1285
-32.9033	-9.73223	-20.9223
-13.9978	-0.749642	-45.9593
-14.151	1.48366	42.9065
-31.6371	-0.105164	12.2028
-32.1545	2.36105	-1.38475
-17.0285	-3.19833	-44.9888
-15.8567	-2.64853	-45.0115
-13.9112	4.86833	43.956
-21.2607	-0.834028	36.5887
-31.5222	10.0807	17.7426
-15.9872	-3.26316	-45.5336
-30.6591	9.02656	-20.2504
-12.2002	-0.958699	-46.3544
-34.0113	-3.5905	-8.00291
-33.1199	-13.4349	-2.01548
-17.6893	-5.46816	42.2887
-15.7582	3.85942	-43.017
-31.9554	6.12405	-0.0538545
-32.9845	-5.95585	-8.71344
-12.5229	-4.03213	46.0753
-15.9026	-5.50025	38.3423
-34.472	8.47488	-2.44564
-19.2109	-5.09915	-39.9476
-18.5844	-0.653384	41.0825
-26.0458	-4.30354	37.7426
-30.9731	2.68796	16.857
-9.7317	2.90069	-47.8503
-16.6872	1.45603	42.9975
-32.0581	-6.9928	-3.0585
-28.6784	1.22161	24.7031
-12.2779	1.93481	-45.988
-32.8556	1.37746	1.70565
-8.05481	2.45812	46.5879
-33.5319	-8.67787	-8.15912
-9.34175	-1.07661	-46.7359
-18.6181	3.29612	-39.1124
-33.1553	-3.41279	-7.65612
-16.9917	-3.04418	-43.9825
-5.3324	-2.01111	48.9703
-29.7703	-1.39061	-22.2366
-11.442	3.23526	-47.3215
-26.6585	7.81735	16.8198
-26.5037	7.26864	27.6778
-23.7327	3.03102	-31.5399
-26.0787	7.27194	34.6455
-8.82331	-2.09704	47.9053
-30.0689	3.49815	-8.09681
-13.7082	2.41774	45.7171
-11.0315	-1.91338	47.6234
-8.18394	0.201812	48.5838
-30.8141	-7.32539	-26.2146
-21.1046	2.43482	39.708
-34.4106	5.8892	-19.0894
-30.8204	5.46221	19.2608
-22.7693	4.95527	-35.5703
-10.3684	-1.03679	47.6036
-19.4562	1.07142	-42.4694
-13.7175	4.60593	-46.2426
-18.0018	2.61737	41.9202
-7.64791	-1.26296	48.2782
-13.8696	-4.82821	43.9826
-9.9028	1.9164	48.1227
-32.4011	-6.13989	-20.2821
-13.7518	1.95746	-45.1733
-5.30387	-1.39747	-48.7494
-13.6203	-0.565162	41.8672
-8.33448	2.72651	45.6381
-12.1978	-1.72087	-45.2917
-34.5341	-6.43422	1.65364
-36.3302	-4.96521	-15.5383
-31.3349	8.90503	-12.8605
-33.3918	7.62065	-10.9635
-33.8721	-12.3071	5.41409
-9.2955	-2.06532	-46.9735
-5.94057	0.999428	48.5271
-9.98445	-1.98371	47.8303
-12.5278	0.710637	43.9758
-16.0906	-4.34338	-42.8091
-7.84021	-2.35165	47.2248
-7.13816	-0.787487	49.1029
-21.2866	-6.35182	-38.7048
-33.8067	-2.17606	13.376
-29.067	-3.64878	23.6217
-3.91815	1.57951	-47.7595
-11.5045	-0.822051	-47.4546
-12.4264	-4.47789	47.0146
-15.8794	3.98087	44.3867
-14.385	4.03825	-42.5326
-8.58403	1.18841	48.9062
-18.958	5.32185	40.3097
-21.9666	-2.73652	-38.7853
-28.5771	-11.1294	-26.3914
-28.9808	-6.12455	29.5851
-23.5254	9.27839	32.2224
-30.1462	9.66597	-20.8607
-14.4182	-5.82662	39.6412
-9.54276	2.68821	46.3489
-29.2194	5.2973	-20.4419
-8.23054	-2.65595	-47.6756
-9.14802	-3.56374	47.4442
-9.33001	-0.0400568	48.6158
-31.6573	3.95887	24.3582
-21.0158	-1.74254	-34.0882
-21.555	1.63298	-33.991
-20.4886	0.603165	40.437
-13.9277	3.70419	45.1905
-13.3674	-0.731292	45.0174
-15.9992	6.51835	43.6801
-29.4893	-11.9719	14.6884
-18.5178	3.91178	-41.5466
-28.0555	7.47109	-31.1509
-8.29021	-1.63085	48.974
-12.5473	1.8362	-46.5576
-30.9257	-2.02086	-7.4002
-14.1596	-3.09821	-44.3397
-32.4514	1.98086	14.8799
-34.5978	-1.36857	9.38203
-15.4505	2.01287	-45.8222
-16.2888	4.36967	40.9388
-15.0182	2.88285	-42.059
-29.338	5.51484	-23.5759
-6.42879	1.06646	49.7456
-14.5159	-4.5532	-41.2511
-32.0321	2.88896	-18.3193
-26.6915	-8.6418	-29.2829
-7.12527	1.85093	48.2556
-34.208	10.4041	-13.8762
-5.18835	-1.75292	-49.0761
-14.6374	3.76217	44.4632
-5.81616	2.00501	-48.8999
-12.7787	1.94084	-45.1395
-17.4493	-6.00155	38.1817
-11.2622	0.525921	47.2339
-15.9002	3.08242	43.5807
-29.0054	-11.7927	4.78349
-17.293	-4.58325	40.2223
-33.6299	-3.99816	-10.379
-19.5252	-5.17064	-40.5997
-11.3688	0.454728	43.996
-26.0669	2.40991	-34.3051
-23.0612	7.06525	-39.4862
-5.86796	2.38624	-49.6938
-33.199	-0.774007	-6.75858
-10.5135	1.51704	47.0819
-29.0124	-8.06868	16.981
-24.1242	3.15763	26.8236
-20.9347	4.91962	41.8091
-24.6574	4.44112	32.3911
-32.9931	-4.20751	5.76475
-31.5221	-4.73106	21.2136
-8.15486	0.315914	48.377
-34.8807	-2.76998	-1.2786
-14.174	-2.03828	-45.8764
-19.0858	-6.06176	-37.6016
-10.2061	4.05045	46.5131
-33.6578	4.52162	-11.0837
-22.6897	-0.094714	35.1652
-9.03826	2.51603	-48.5951
-31.9753	6.5247	-12.6917
-17.7817	-4.85605	38.7916
-18.3506	-3.19591	42.6372
-16.8979	0.494254	-45.1881
-17.5404	4.18722	41.9958
-35.7975	-1.2081	6.18037
-10.2021	-2.60365	47.7805
-30.5736	-6.61259	-14.3793
-24.2268	0.753239	-36.5734
-20.044	-5.93809	-40.967
-8.5282	2.8586	48.2353
-33.0027	11.1529	-6.48851
-19.2985	-6.74013	-40.5678
-17.9245	-6.59335	40.8656
-7.03523	0.578141	49.5077
-14.1825	5.59208	-44.0211
-32.3248	-6.58842	-10.9086
-29.2033	-6.32994	23.2645
-9.17379	3.52499	47.1798
-31.2472	6.45054	-21.2789
-31.1364	-0.112871	-17.9623
-17.0363	3.74224	-41.9549
-19.9947	-6.64362	38.5268
-16.077	-1.56095	-45.1828
-9.93914	3.79791	48.0817
-33.5831	-7.02504	-16.6632
-11.5247	1.56711	-48.0633
-26.8491	10.9585	29.9473
-6.95458	2.35061	49.0848
-13.7801	2.67405	43.9147
-24.3569	2.19845	33.1207
-8.02871	-2.27818	-48.7613
-34.7137	-9.23868	7.56445
-21.5481	0.492741	39.1542
-33.6559	8.45957	-11.5267
-26.8219	-10.9213	25.3348
-26.4493	9.95538	22.761
-22.7015	-9.03589	-32.1224
-17.5531	-4.18833	-41.1526
-32.7854	-7.7398	2.07264
-31.3781	0.508742	18.575
-27.9859	6.44019	-26.8497
-24.2366	5.88423	-36.1007
-14.9526	-5.36258	-41.9654
-15.3183	-4.06741	45.5343
-29.181	-2.32947	-20.8314
-26.147	-3.54672	17.0185
-32.9071	3.44035	0.840187
-32.2147	-4.10376	-12.9389
-25.9374	-4.81878	29.6578
-13.8296	2.32307	45.0258
-32.2926	-9.97343	-14.791
-24.7581	-2.25702	-34.6802
-13.5417	-4.03445	41.717
-24.5293	3.62468	-32.0498
-21.4191	5.88336	-33.9652
-24.4505	0.260672	35.6457
-28.1621	7.61751	19.8561
-33.7319	-10.1702	-15.5985
-36.827	3.32789	-4.00206
-30.8611	0.522361	20.8165
-11.0781	1.89551	-48.4088
-18.4764	-7.45757	-38.1581
-17.6757	-2.04334	42.1148
-17.4444	-5.22244	42.1954
-16.7095	-3.01935	-42.7535
-9.14334	-0.835229	-47.9509
-16.2659	1.35862	-43.7252
-15.4147	-6.19547	47.1441
-29.102	2.5676	-27.3003
-6.4026	0.419149	-48.6964
-18.2078	-4.07769	-39.4514
-27.3238	-10.832	28.1517
-8.24237	-0.0536953	-48.9509
-20.818	-6.79886	-35.3956
-33.5977	11.1481	-5.75686
-13.7054	-2.56214	-43.9547
-29.464	4.72813	23.6234
-20.1761	-4.50234	31.9616
-32.2026	13.0529	7.45596
-27.1509	-6.33481	30.4774
-25.8813	7.48213	-28.5368
-19.8323	-4.41427	-38.462
-22.8106	0.721119	-38.047
-29.0061	-7.35848	20.7394
-28.138	-5.69764	-28.1765
-31.5844	8.54492	-23.2718
-31.1705	11.1126	-9.15494
-28.3697	3.43256	27.7627
-17.9522	-2.40918	38.7166
-18.4408	-3.93077	-40.7522
-33.8664	1.03866	19.3166
-25.9695	4.88857	33.2213
-11.8036	-0.616537	-46.3476
-24.2019	8.97822	-33.8384
-27.8641	-2.86266	-34.7758
-4.91223	-1.50656	49.6734
-25.0462	-9.41774	-33.4575
-18.9551	2.47498	-40.8898
-17.5673	-5.13769	-42.6458
-31.7703	-2.99211	-17.9822
-30.4927	6.11485	17.7294
-24.0402	3.26593	37.5243
-25.7126	-5.6905	34.0055
-27.5522	2.94723	28.6382
-27.4633	6.00761	-26.6141
-14.1563	1.77019	44.284
-20.1733	-2.61942	40.0593
-25.7361	8.65835	28.5145
-18.1461	4.96295	42.7202
-28.5484	-2.08058	25.5232
-8.389	-0.637166	-48.314
-27.0052	-7.49889	-30.8177
-9.90386	1.96441	48.1477
-33.9022	-7.06836	-12.8557
-32.4615	-9.38555	11.9682
-32.0684	12.6077	-19.3031
-22.0783	-3.92455	-32.613
-6.40315	0.220606	48.7715
-26.7495	1.10243	-27.5953
-22.9917	6.29853	-31.189
-30.5304	-2.54095	22.4734
-32.9682	-7.43138	-10.9432
-7.39101	0.782026	49.3068
-16.3386	-4.49811	40.7245
-12.6321	-2.52663	44.6966
-14.9487	-1.97804	44.1226
-30.5702	2.40327	12.0336
-32.1021	3.42282	12.9812
-10.8848	1.08831	-47.426
-20.8579	-4.51257	42.431
-27.0447	-10.8515	-32.5906
-34.8321	-3.90413	1.45359
-31.5661	6.8759	20.6401
-31.1382	4.59965	7.96921
-32.0178	-3.75182	17.7113
-12.5204	-4.70101	44.7646
-15.1381	-1.12887	-44.432
-28.0692	-0.464382	21.0773
-34.6664	8.41258	7.49672
-29.2469	9.81989	17.0369
-35.1817	4.38827	12.3663
-6.1722	2.52275	-48.1171
-32.8303	-11.9476	10.7395
-9.96746	-3.04794	47.6642
-9.17959	1.50951	-48.2445
-28.5552	0.549548	-30.2057
-15.1754	2.60844	42.3361
-14.3341	-4.69331	-45.9391
-20.7977	5.90639	36.6279
-12.2877	4.21968	-45.146
-18.1062	5.67308	41.5278
-30.1674	-4.52626	28.736
-24.2075	-7.91357	-31.0591
-11.7567	-1.64946	44.5266
-17.887	-6.23988	41.4583
-26.6861	-10.174	26.9371
-11.8931	3.16612	45.0616
-11.8395	0.894656	-47.5486
-26.2492	-0.807619	-26.589
-13.8897	0.665482	43.1645
-25.3631	5.90686	-34.0054
-17.1344	3.41086	-42.2577
-19.282	5.23996	40.5834
-24.3004	-10.0446	-34.7116
-32.1447	5.72665	18.3539
-28.6116	-6.01807	34.227
-14.7093	4.27798	-43.519
-32.5981	8.31124	-14.127
-11.605	2.54207	45.3854
-11.9163	-1.59185	46.5849
-30.538	-6.42903	-15.8534
-11.4695	-0.0542694	47.0978
-9.57473	-1.59042	-48.2711
-31.1499	0.605737	-12.8745
-31.7415	-7.83964	16.4076
-31.5706	10.2439	20.6106
-24.7692	-8.4842	-30.7395
-24.9456	-5.058	-37.3429
-31.6479	-1.71119	1.89273
-28.9797	-10.5236	14.5308
-20.7144	-5.60463	-39.2533
-25.288	-3.60463	-33.0097
-28.0161	-9.87156	-24.0849
-10.2936	1.09362	46.439
-20.849	-6.1553	37.0208
-25.7513	9.41755	-18.9596
-15.5896	-2.6306	45.6944
-19.1952	0.25699	-41.6556
-35.1865	2.20066	-1.76429
-16.9072	-4.42505	-44.7368
-29.626	-10.1686	-24.7497
-22.8264	5.81176	-38.3971
-7.02219	0.484955	-48.0911
-17.9522	-4.865	-36.1933
-11.5487	1.17193	47.6695
-15.5042	2.86877	-39.5331
-22.0202	1.23077	38.8221
-26.591	10.2994	22.1529
-14.9563	0.382224	44.1238
-22.1146	-5.22766	-37.9174
-10.0123	3.54971	46.8083
-19.0146	-5.59849	41.8053
-28.754	-6.3513	-25.7384
-9.23634	-2.16991	47.5932
-19.9774	-4.10182	35.2178
-34.4175	-8.21154	4.17173
-30.8105	3.29921	-16.3401
-31.1901	4.84659	-22.2139
-19.643	-5.00909	38.0107
-28.3704	-8.7534	14.4725
-29.6848	-9.13094	16.1602
-19.0	-2.15913	-41.414
-30.066	-8.50532	11.3043
-10.4034	-1.50231	-46.5314
-11.8002	-1.67815	46.1789
-10.5569	-0.712033	-46.872
-19.0217	-3.84613	38.6017
-29.9528	-6.57167	21.1764
-23.7127	-9.25732	-33.2018
-15.3904	-0.290405	44.1063
-24.4019	-4.39788	34.7954
-11.4636	-0.834073	-46.2482
-12.971	-4.69776	-44.6583
-31.1189	-0.409896	2.32812
-25.7332	3.05536	-35.0173
-6.89493	-1.62464	-48.9856
-21.8612	7.00586	36.8193
-16.724	-3.86828	42.1414
-21.094	5.22886	-39.1482
-31.1249	9.56948	9.463
-12.3831	-1.61085	-47.9696
-6.81715	-0.569005	-48.7277
-32.0575	5.13755	6.41467
-31.5537	-5.24601	20.3337
-21.3287	-3.2127	-41.5775
-11.9204	-4.44396	-45.3291
-15.9509	-0.816705	42.2741
-16.9092	2.42578	-44.4839
-31.7822	-12.7538	6.34909
-18.057	5.52336	-41.1991
-13.2869	4.75897	45.8205
-7.91986	-2.52682	-48.0684
-31.9492	-11.1497	-6.33207
-6.52684	1.45593	-49.0865
-20.2033	3.22058	36.372
-28.0597	-10.5043	-25.2752
-21.2798	1.45521	-37.4538
-9.79989	-1.10773	46.4258
-7.36615	1.30313	-49.1261
-8.23074	-0.435227	-48.9584
-10.4965	2.00521	-47.0258
-11.0634	-2.813	46.8651
-19.1906	-3.51807	44.1103
-21.8427	-5.2142	-37.4177
-12.4576	4.33671	43.3467
-10.2581	-2.08514	-48.0919
-24.9989	8.87888	24.9083
-8.88016	0.878551	49.1186
-21.2784	-1.28552	-35.8708
-16.3885	2.79336	42.1259
-21.2475	-7.96617	-33.7149
-28.6784	6.49028	7.66432
-28.3351	-6.94314	-18.3063
-15.517	2.78715	45.2015
-19.5132	0.948102	-38.0272
-32.3332	-11.3407	-3.59415
-29.0685	1.94974	-27.3393
-34.068	-1.38717	3.74153
-25.8323	10.2046	29.2275
-14.1398	0.539886	-45.2414
-14.0553	4.40121	45.8859
-33.736	-6.95475	11.7313
-21.369	-2.99758	33.9776
-33.4696	-1.38261	-9.17387
-34.7232	11.8871	3.0714
-17.2812	5.11777	-41.3472
-10.8683	-2.03143	-45.9656
-27.837	-11.3311	-23.2232
-12.6996	-0.0721565	-47.5488
-28.3778	-11.3707	16.9565
-11.8518	4.13778	-47.0864
-18.0825	0.605554	-40.4842
-5.60618	-0.952267	-49.1931
-22.7781	1.54469	37.3384
-28.3197	3.69348	-28.6476
-11.2746	1.55839	47.643
-7.08509	1.66962	-47.4638
-13.0286	-2.54751	-45.5046
-17.9728	-6.63026	-42.198
-8.74158	1.22521	47.4106
-31.129	-3.72926	-25.8448
-6.85098	-0.622716	49.0356
-9.56006	-0.118469	46.8887
-21.7184	-6.93329	41.0595
-13.8203	-2.98175	43.9058
-33.3341	4.78274	9.8406
-22.8556	3.64002	31.0526
-12.9496	5.15831	-45.3657
-20.046	6.35678	-39.7974
-13.5979	0.197865	46.5353
-34.7914	5.46725	-10.1683
-26.5767	-2.29371	-27.9385
-7.05738	-1.93033	-47.7937
-32.7649	0.685181	7.58499
-29.9078	1.97768	24.0905
-17.7848	6.02306	-41.5708
-33.2882	3.44477	13.725
-24.7965	4.98538	35.3025
-28.9888	4.12795	28.9164
-28.5919	-2.13244	-32.5657
-17.2725	5.05572	-39.5341
-32.5179	4.65741	-25.9862
-4.78831	-1.1114	48.082
-29.2902	0.0439316	-28.9265
-35.1762	-1.7576	16.3445
-31.4631	3.94452	-16.7249
-29.8152	-6.6675	-20.0146
-27.5417	-2.58844	-31.0379
-30.6969	6.66544	-20.9238
-8.06091	0.701466	-46.2276
-12.6587	1.78085	44.8045
-32.48	-6.13634	-4.70689
-24.4592	6.45422	-33.9587
-33.4433	-5.89491	16.792
-11.0248	1.01383	-47.6134
-22.9584	6.34266	-39.0224
-9.45533	2.52784	-48.4687
-31.9746	1.27968	-19.4183
-6.27437	2.24273	48.9663
-10.1579	-3.22459	46.883
-29.1532	-8.23395	20.2774
-24.1573	-5.62497	-35.7432
-26.4006	9.56176	-29.4875
-8.6622	-2.39027	-48.684
-26.3284	-6.66767	34.5787
-30.0357	6.47477	-15.7449
-15.3646	4.97662	41.3355
-34.1767	-6.66887	-6.57338
-35.7009	1.7257	-6.20053
-31.4895	-0.427856	-24.2383
-6.18671	-2.5132	49.4763
-9.88943	-3.02514	-47.2278
-21.8255	-7.11668	39.3355
-8.05028	-3.26149	-48.4158
-23.3164	5.97365	-37.7957
-9.76268	0.333623	-48.0997
-29.6201	-3.64304	-26.1535
-9.87106	2.93081	-47.6135
-20.4299	5.40269	-40.0766
-31.0409	-1.88136	-16.7282
-31.236	-8.36893	-22.5356
-12.7742	4.83682	46.3712
-8.78494	1.87245	-48.081
-14.6576	3.26525	-45.371
-27.2237	10.7439	24.6531
-17.5445	-4.57769	-43.0615
-13.4769	1.0887	-46.0041
-9.35586	1.79287	47.5748
-19.9283	2.59563	-41.1723
-10.7435	0.406942	-47.1988
-29.6899	10.177	12.5968
-26.5365	3.07581	31.7188
-36.1752	8.17702	3.76815
-10.6771	-2.09702	47.8648
-17.7959	5.68209	-42.2597
-31.629	-1.28235	-14.2292
-23.6599	-7.89861	35.3043
-32.4033	-3.96504	9.63275
-36.1248	-4.08663	-2.31664
-32.6594	-5.20053	-21.5644
-13.8639	-1.14652	46.12
-22.9096	-8.54854	-34.5306
-8.46485	1.37435	-48.6936
-31.1673	-2.12154	14.7663
-15.0808	5.89208	42.0802
-15.0867	-4.57947	-44.4011
-25.1431	-1.03603	28.1602
-13.748	-2.46536	44.7678
-22.6101	0.474536	38.1616
-8.83738	3.57369	-48.3687
-27.7415	-4.6499	-27.8278
-12.7899	4.73413	-45.7066
-15.3552	0.275507	42.5042
-31.4557	10.4108	10.1877
-30.8898	-7.26258	-16.514
-11.3898	1.54856	48.0504
-29.4097	5.36171	24.5283
-11.3051	-3.12169	-46.7177
-30.3403	-11.9652	-24.0029
-21.6781	5.47443	-38.0604
-21.3549	4.10542	38.3833
-12.2369	2.64207	-43.9857
-34.6971	-0.841555	13.1749
-25.7676	-4.46353	-31.1396
-31.7806	-1.03809	-19.5601
-28.0547	2.32959	32.9198
-29.7847	11.1418	6.70151
-21.1634	-0.597476	36.3972
-11.5731	-1.18658	-46.8777
-23.3812	4.26162	38.2947
-33.8252	-3.69442	9.67657
-32.8517	1.81102	-4.78937
-33.6622	-1.28361	17.6997
-16.1315	-1.49453	45.0309
-35.5343	12.0656	-3.84974
-27.8957	-5.01697	30.9752
-20.0311	-6.32049	40.1505
-19.4446	-5.54474	-41.267
-12.9894	2.09353	-46.3137
-11.6783	-0.0452634	44.8158
-13.6348	1.76769	44.3109
-31.3329	12.0158	-0.746277
-31.2721	4.64175	16.8783
-33.6001	-4.16739	-4.82651
-32.0747	-7.54763	-11.8137
-12.7685	-2.3552	-45.784
-10.2018	-2.50015	-45.8782
-10.4209	-1.69226	-46.0091
-24.2829	-5.41012	34.8612
-30.1779	-0.0119071	-16.8162
-30.6915	-10.4229	-18.7222
-9.34152	1.99742	47.1368
-17.8663	-6.66887	41.2052
-9.48633	-1.68037	47.9989
-16.6638	-5.80094	-42.6553
-10.4015	-4.15999	46.1285
-9.07423	1.29826	-49.0351
-13.1473	5.36608	44.4613
-7.40482	-1.51384	47.3134
-6.3872	2.37194	-48.9934
-22.6051	1.95837	33.403
-23.4985	1.83309	-33.034
-20.0794	-7.3062	36.1901
-19.0217	-1.3922	-41.5871
-19.0561	-5.61221	30.9823
-12.0181	-1.57143	46.29
-17.8709	-5.85724	41.4419
-9.35968	2.66295	47.9656
-32.3587	4.9646	7.46745
-32.5451	5.8101	-4.75153
-24.8955	2.41352	36.0647
-27.8763	-1.43617	21.3217
-31.4917	4.50631	-19.2293
-16.4806	-5.7524	-42.6897
-18.8632	6.58367	35.8887
-27.7228	5.56979	-30.2997
-20.0987	-6.76514	39.6212
-16.7448	-6.29151	41.7029
-19.5345	5.1556	-35.7718
-35.0406	-3.34866	6.96691
-21.2009	3.02515	34.723
-15.0058	-5.73443	43.7569
-31.712	-3.59833	15.4639
-15.3995	-4.53347	-42.6728
-31.4992	5.99091	-27.1414
-22.7085	4.32875	37.9328
-19.2403	-0.0442837	39.3398
-12.5598	-4.29931	47.1944
-35.7626	2.0794	1.81525
-31.2257	-12.822	12.7866
-14.0674	-1.38701	45.7049
-19.6527	4.10915	36.5309
-14.6572	2.74876	45.5489
-19.3356	-0.547023	-40.5426
-30.8171	0.483266	-24.7309
-12.3816	2.91145	46.1289
-8.18767	1.266	-48.708
-6.64905	1.70158	49.0551
-18.5306	-3.48797	-43.7667
-9.48623	0.477267	48.0341
-33.819	-1.32489	-5.04678
-29.4243	9.68602	-21.736
-6.24731	-2.45275	48.7256
-33.7628	1.26505	14.8012
-26.7647	-7.63597	20.7139
-35.4065	-12.5494	-4.35719
-27.0443	-5.74399	-23.3739
-13.2999	1.94899	47.0333
-29.3964	-2.4151	21.4812
-19.0935	6.15802	-40.273
-13.2129	-2.32523	45.4736
-22.5234	-1.5208	37.9808
-34.3877	-8.05732	-8.04342
-28.3313	2.86781	-27.7794
-34.313	3.3321	-2.48377
-15.1323	-1.79743	43.3696
-14.5682	2.94049	45.1879
-11.5136	-0.613914	-48.1756
-26.2334	8.52767	30.733
-16.641	-1.36076	-43.9798
-11.2374	4.6154	44.9476
-11.2608	1.42218	46.174
-22.1546	5.37607	-39.157
-27.5304	0.445023	-25.7054
-26.9256	0.995853	31.6431
-32.6479	-4.43677	12.7746
-31.1352	3.64593	-27.5219
-26.4814	0.482237	-23.6681
-33.1826	-3.50345	-13.7624
-10.205	-0.909537	-46.8726
-21.2822	-6.15376	-41.173
-9.45594	2.46333	47.6678
-27.3503	2.29036	25.4752
-36.0592	11.5675	5.65294
-5.94021	-0.628168	49.2447
-31.0003	9.39392	-10.9393
-9.60006	-1.63345	48.0608
-34.6018	4.32532	5.31114
-33.0389	-4.86294	4.01312
-10.047	0.981649	47.4916
-19.8541	4.9827	-38.6569
-8.82156	0.900542	-47.388
-32.6013	-0.462848	4.57226
-10.0564	1.79586	47.3486
-20.6074	-7.78954	-39.5625
-9.90855	0.60873	46.1238
-18.8441	3.8933	43.6754
-9.31939	-1.23525	-47.4165
-24.8692	3.17464	31.9362
-20.5005	0.0158823	-42.2195
-23.9316	-1.28134	-32.7151
-25.2572	0.966614	33.6795
-11.7993	0.872626	-48.1917
-34.7722	4.03458	-2.58737
-12.7735	2.0285	45.7765
-31.2151	10.0643	-4.85692
-32.0652	-7.05456	-22.916
-31.4838	6.09739	-6.48193
-31.7985	10.8263	1.55427
-28.3533	-5.65995	28.9928
-12.4302	-3.89061	45.476
-20.7318	3.65884	-40.2617
-19.5177	-6.00017	39.5591
-11.5961	2.44481	-47.3929
-31.4916	-5.85586	-8.21187
-16.3238	1.12707	-42.9401
-8.51347	0.233355	46.024
-23.8622	-2.81699	-34.1288
-12.4436	-2.48734	-46.0345
-29.3541	-1.27109	-28.4565
-6.6724	-0.883409	48.5319
-5.37329	-0.960674	-48.8569
-9.77741	1.78074	46.362
-2.98569	-0.454084	-48.9558
-2.77936	-1.14377	48.5365
-28.8842	7.55828	18.9033
-29.0004	4.24065	-19.6844
-15.6498	3.21213	43.7202
-16.1957	2.56238	45.2116
-24.1618	0.801466	-34.3702
-32.9075	-10.6982	6.38694
-30.0437	-1.93998	28.1428
-14.4187	3.21404	-45.0083
-15.8469	2.98377	-43.8269
-8.74795	1.66487	-48.9576
-19.7146	-3.28629	-41.3786
-6.72433	-1.97702	-47.4316
-11.0156	1.49979	46.664
-32.2298	-8.80191	18.759
-23.4542	-8.15213	36.1024
-10.3677	-0.159322	-47.611
-6.36994	-0.759444	-49.1386
-28.3104	-0.63563	29.5559
-21.551	6.92879	40.1822
-32.8287	-0.645528	21.2179
-20.2005	-5.27404	-38.3241
-19.3716	5.36126	40.0724
-7.39281	1.74079	-48.7399
-11.6554	-1.0491	45.3673
-30.0011	3.6726	-3.09283
-5.95816	-1.15452	-48.195
-8.32611	2.6619	-47.4687
-25.27	5.94791	-27.4146
-17.1236	0.946796	-43.915
-28.447	-1.55726	30.9652
-13.1821	-3.28638	45.6677
-19.5437	2.96813	-40.1174
-31.3865	6.27172	-9.44379
-23.3503	8.32034	-32.0245
-6.75942	1.55934	47.7476
-7.13033	2.15834	49.208
-11.1642	1.2268	47.7418
-15.3088	-2.19638	43.8529
-23.5703	-6.65976	-27.2479
-23.5921	7.78595	34.6256
-29.6235	8.92263	-24.2172
-36.4182	-7.33808	-10.3245
-7.46349	1.49402	-47.5993
-28.602	-7.85466	13.9775
-28.9393	-4.78324	-17.4338
-20.5039	6.16431	35.0088
-11.3387	-2.50017	-47.3404
-30.9801	-9.0418	-21.6449
-18.7304	-6.91885	-37.3257
-8.58128	-0.440217	-47.7612
-30.8386	10.0952	19.2548
-6.87347	-0.240896	47.7659
-7.94174	0.255618	-47.6862
-8.04533	0.412391	-48.7985
-13.904	-0.220869	44.3869
-8.95795	-0.257119	48.4859
-16.3243	-5.48768	-44.6373
-16.9849	3.71433	-42.8838
-21.26	-3.44441	-36.9948
-20.8179	-0.462837	-38.279
-13.8153	3.96379	45.141
-14.5937	-2.3502	42.34
-16.1561	4.11737	44.6709
-29.3134	-5.04483	-21.0425
-15.1416	2.64582	-43.5909
-26.8257	-2.86014	16.9421
-15.7049	3.42506	42.4652
-32.1067	-1.28655	18.7225
-6.58383	-2.49939	48.7956
-18.352	1.24375	-41.6407
-19.7356	1.99894	35.7372
-11.2376	1.81035	-47.6318
-16.9348	6.94655	-41.8897
-13.9672	1.08019	46.8356
-15.0328	-1.07301	-42.4099
-23.0698	-6.03499	35.2299
-18.7031	-1.84158	-40.6452
-22.1115	2.7143	-37.5007
-3.9472	0.300999	48.571
-25.507	-3.23148	-19.8667
-17.5559	5.3977	44.1895
-9.84477	1.22374	47.5481
-9.12949	2.24123	-47.9776
-13.9835	2.24825	46.3457
-26.4348	2.28048	-29.799
-13.101	-1.64525	43.3751
-27.3486	2.47663	-32.9181
-17.5728	-1.37411	-43.2096
