24.2427	-12.7473	34.5865
24.6071	-23.4237	6.56272
27.8337	-20.5834	2.47698
16.4176	-12.2525	-40.7407
11.7841	-13.012	-44.0279
6.26631	-4.014	47.8315
11.5801	-25.3478	-23.9131
20.3543	-17.6759	31.6691
24.1195	-23.2608	15.2058
28.0278	-18.352	13.6176
22.0924	-23.766	-8.3251
19.8968	-15.39	34.9646
3.48385	-5.94794	-48.7338
17.9064	-22.5076	28.4901
9.80325	-13.9325	41.6655
26.818	-15.3798	-12.3127
11.1163	-11.387	-44.1366
25.2781	-27.9743	-6.49088
17.1681	-15.721	-37.1639
6.8436	-9.86565	-46.1641
20.5802	-27.864	8.27792
15.1315	-22.2575	26.7818
22.9163	-15.6511	15.5885
15.2967	-12.8124	-37.8008
8.09534	-3.59969	48.7615
4.98839	-10.1988	-46.3614
22.1456	-10.8037	-34.6531
24.7927	-16.9519	-15.1003
23.5374	-23.1108	-4.43999
6.14298	-14.8078	42.1403
11.26	-4.89899	-46.6215
15.8506	-29.7529	-18.3425
15.4125	-21.3661	30.8383
7.65474	-9.76262	-44.9884
26.4207	-12.7562	-24.2782
12.7441	-25.8813	25.0242
7.48492	-11.6686	46.4898
10.577	-10.0791	46.4253
9.5742	-9.03803	-45.5649
8.00603	-6.90062	48.1787
16.3603	-27.0042	14.3956
6.81597	-7.11584	47.3332
8.87638	-21.1483	37.7824
4.28775	-6.99718	48.6732
19.3083	-24.1577	-20.4811
8.85873	-5.0963	48.1488
10.8264	-9.13933	44.4512
25.2042	-15.938	22.2472
19.5513	-23.6155	-21.375
8.41835	-3.52296	48.1361
20.6794	-27.6468	10.5562
8.89827	-11.168	46.5799
9.63212	-17.761	41.1374
22.577	-17.6	-25.4854
10.05	-4.79813	-47.1594
24.5416	-16.3753	-17.6396
2.67975	-5.14149	48.5285
8.81913	-4.43127	48.0263
7.22933	-7.27273	-48.3345
14.7501	-6.17254	-41.4824
11.7047	-13.038	-41.2848
5.74628	-13.243	46.9881
6.78988	-5.01944	-49.1851
10.7312	-9.81868	40.9306
22.1194	-15.0307	29.9474
28.6151	-14.3521	11.5988
15.6381	-31.3173	14.8103
4.93414	-2.90565	48.2322
11.8648	-10.3906	43.3968
6.56026	-3.14595	-48.8245
12.9004	-6.6118	43.6241
6.00559	-9.03429	49.1765
8.95795	-11.0409	48.3293
9.03495	-9.47417	-44.9263
13.0592	-6.28557	-45.3633
12.4441	-14.0215	-43.2602
8.87862	-10.3649	45.1657
28.672	-19.1696	15.5896
12.6873	-26.6448	-31.4073
16.7564	-11.203	-38.8894
20.5406	-22.4941	14.7071
11.5838	-10.7224	44.8885
19.7995	-10.5198	-37.5193
5.70388	-9.26263	-47.2245
22.8583	-24.0895	20.6951
9.73024	-5.3198	46.5137
22.1867	-11.4124	-34.2358
12.4617	-10.5494	44.305
5.34802	-4.77064	-48.6939
5.52115	-7.24553	-48.944
14.6954	-22.8698	-28.2528
17.8134	-20.5218	12.3957
16.2697	-9.69783	-42.0139
13.077	-13.3426	39.2282
14.7395	-14.4269	-38.3891
11.3398	-20.8679	-33.7923
10.6121	-10.0911	-47.1615
14.1124	-22.5796	-28.5382
9.63983	-4.34198	46.5174
19.7175	-17.7193	31.3267
17.6823	-15.1628	-36.2871
4.38088	-7.69411	47.5173
27.3427	-13.2639	26.5004
12.0538	-21.8382	-26.7976
10.9867	-17.6775	41.7875
6.92665	-10.2959	47.7197
14.5897	-12.5215	41.2488
9.58181	-19.0223	-40.4899
14.158	-31.3534	-9.66096
13.7766	-28.8406	-19.9286
16.589	-25.1422	-24.9234
22.6407	-19.1676	-21.0323
11.4047	-6.06692	-45.629
6.93287	-7.31764	-47.2496
16.6494	-10.2619	-37.8365
14.8355	-18.2406	34.3307
30.9155	-17.7713	6.40099
6.04447	-11.212	45.9434
12.5247	-12.4164	-44.5607
16.194	-7.51803	43.219
15.5436	-9.63139	41.9687
13.2115	-28.3494	6.65495
14.9443	-25.1093	-11.7511
13.1873	-27.0675	-23.4491
15.9702	-32.6927	12.1773
14.7623	-19.0716	34.1323
23.3655	-23.379	27.1241
19.5721	-26.1701	11.5661
30.8521	-13.8677	10.7069
8.76164	-19.3995	37.0109
10.5622	-7.33995	-45.4135
15.2149	-11.8423	-39.3368
29.8182	-19.8675	4.12151
26.0978	-20.4167	17.4221
6.98789	-7.98969	-48.5094
21.8688	-11.6931	28.5909
6.12533	-3.78809	-47.8633
24.7438	-26.7936	-17.634
14.1203	-26.7431	-12.9883
12.0063	-28.3665	-12.2666
26.8503	-16.3964	-6.32472
19.4809	-11.8225	-37.4562
15.0274	-18.8685	36.4699
28.2173	-14.1226	15.2511
6.29308	-6.53614	49.3695
9.8146	-4.8216	-47.2756
7.35343	-6.88863	48.7439
16.146	-7.09712	-39.7325
14.3738	-11.6083	-44.8608
6.86299	-10.2419	44.9682
14.212	-24.6473	34.1895
15.1576	-8.89568	-43.8933
10.0999	-12.1604	-44.0718
13.2154	-16.5753	36.7481
29.1828	-18.0325	-10.1535
17.4124	-31.745	-20.1923
8.2024	-5.0956	-47.5099
22.6247	-19.2893	-0.603457
16.4537	-22.8072	-21.7418
8.40469	-12.4163	45.9464
20.893	-15.4277	30.7115
4.41519	-8.21489	-48.6668
15.6252	-17.216	-35.4304
6.59602	-10.4299	-45.9152
22.406	-14.1059	29.5699
12.4734	-7.63206	-42.5987
17.8296	-15.9002	35.7943
14.1746	-30.2192	-18.1836
7.64223	-6.50039	-46.353
21.9645	-13.047	-36.0476
18.2995	-13.5829	34.373
3.96405	-9.40538	48.6089
19.8847	-20.3123	-32.1206
12.6483	-5.91263	-43.6918
25.8861	-27.7164	12.4202
19.9328	-20.3196	-24.3049
11.6438	-19.8075	-39.0631
7.52373	-15.643	45.4144
20.4165	-14.1349	32.441
17.2496	-29.0293	-9.60644
12.1855	-27.3654	11.803
14.7841	-7.12986	46.227
17.2104	-18.0112	32.6152
6.34355	-11.7101	42.7822
18.5717	-10.952	37.3749
22.2843	-17.8908	-29.0373
25.1175	-17.29	24.1909
9.54982	-8.84732	46.8477
5.36988	-5.57189	48.9118
6.79478	-10.6181	46.4205
12.8949	-6.78974	45.0937
6.49117	-4.93612	48.08
3.79466	-6.97919	47.621
2.52193	-2.92753	48.838
12.0286	-19.3803	-39.6787
22.7285	-18.3102	-27.8921
30.7638	-16.5301	-10.1421
9.56278	-9.7957	46.3705
8.72943	-10.27	46.0036
18.6675	-16.657	-33.2835
11.4062	-25.5117	26.1663
12.5761	-21.4813	35.2252
18.5075	-8.80797	40.1137
24.6395	-12.401	28.9262
28.9612	-19.8061	-1.15077
6.64623	-5.20838	47.744
11.505	-27.6492	13.5139
32.6067	-15.4751	-2.05014
7.95686	-17.0099	-45.2792
17.1767	-10.6318	-40.6343
15.8911	-22.9618	31.2792
7.6215	-5.85962	47.2471
31.513	-13.3827	0.663139
9.00427	-19.215	-34.7538
4.69331	-10.8502	-48.3044
2.47568	-4.94616	-48.7635
5.85097	-2.68327	-48.3537
17.0279	-11.0904	-37.6669
13.6196	-15.8356	-41.9256
14.6191	-29.2211	-9.16588
3.00929	-5.35012	-48.8949
18.3854	-11.1187	39.4119
11.3931	-22.0116	-36.5644
17.1287	-27.6072	-14.1925
24.8114	-21.3282	25.0009
8.89395	-16.341	-41.2655
12.6793	-18.6194	-37.7466
17.0427	-16.3272	37.6443
25.8848	-22.3638	16.4722
25.8065	-23.2997	-0.0723922
12.6321	-22.1588	34.1462
15.9804	-12.3198	42.0324
5.26687	-9.27953	48.4834
11.1591	-18.6861	-40.407
13.9557	-30.3258	6.73335
7.3957	-6.2165	-47.3267
29.2744	-16.0542	-15.9154
7.36578	-12.9632	-46.0563
8.00909	-7.30937	-46.5109
20.9932	-11.8052	-36.6549
10.3206	-12.4228	-42.9865
6.06257	-4.15004	-48.1544
6.95477	-9.46248	-46.459
4.47996	-10.4773	48.3512
19.331	-30.3604	2.23843
4.90877	-7.63026	-46.3474
6.46491	-8.44231	47.0427
30.2132	-13.2263	2.32211
9.97412	-11.1929	45.6896
9.72148	-6.0049	-46.3698
14.5545	-21.8834	35.4563
10.3471	-10.6094	45.5556
29.8569	-12.7718	11.9778
4.80074	-8.56361	-48.0246
8.80217	-4.91061	-46.3853
26.5431	-20.6391	10.6977
15.3332	-26.1023	-19.4286
22.3266	-25.826	-4.19884
24.7414	-24.1573	7.73438
9.14352	-7.9773	44.55
19.0198	-16.3987	36.7593
16.2007	-28.6183	-19.104
20.1317	-23.9764	9.36471
14.3999	-26.0756	-24.7113
18.8247	-18.2175	36.3075
6.81615	-4.32602	-48.9206
13.8807	-9.50286	-37.3488
25.7983	-17.6433	-15.8565
22.4715	-15.2116	-28.2393
5.83076	-9.23229	-46.6317
25.3759	-10.6802	31.1058
14.0897	-14.8324	-39.6178
12.9791	-7.38365	44.1337
29.9514	-14.1832	-16.015
12.6981	-19.572	-38.5769
6.81911	-6.94032	47.9881
9.66563	-4.54094	-45.2229
14.9549	-8.13492	-38.9273
16.9423	-23.3143	31.3206
19.4717	-13.7891	35.5135
7.32433	-7.56242	-48.2707
5.3447	-7.01724	48.1863
27.2071	-17.587	6.69096
16.2918	-9.65307	39.7127
21.6646	-25.2692	-7.71865
20.7631	-12.329	-34.723
5.57793	-8.42258	-45.688
6.08716	-12.1465	-45.814
6.90092	-13.8214	46.4061
15.4942	-24.7864	-20.9193
11.1001	-20.5892	36.456
6.79591	-12.9086	-45.8399
8.91192	-13.3192	-44.9384
20.7992	-8.66597	33.0964
11.169	-7.3371	46.3957
22.0263	-26.3921	7.2343
21.2702	-12.9051	35.6637
20.1656	-9.05797	-40.786
25.4394	-22.925	-20.669
15.863	-29.6856	1.03743
21.245	-26.0547	-19.7005
10.9344	-4.9531	-45.8129
25.9372	-26.2016	12.3306
22.6294	-19.133	-30.9516
19.9413	-24.7656	-18.8433
15.5879	-11.5586	-40.9498
20.9455	-9.06639	-38.423
15.9794	-16.5188	-39.5672
30.5859	-17.575	9.76585
7.70617	-15.8884	38.4678
13.1859	-9.364	-43.884
16.7832	-28.4238	13.0427
19.5891	-24.9616	-21.8813
11.7224	-13.4325	41.9925
13.1287	-25.7573	31.7882
7.87662	-4.58002	48.2743
4.6592	-7.39826	-47.1069
11.312	-5.63272	46.8126
17.0734	-22.4031	-20.9531
12.8423	-13.5321	40.3458
6.07438	-10.2268	-48.2251
9.29597	-11.7045	45.981
14.8271	-12.5515	-38.9138
9.84237	-5.04232	-46.9759
7.24836	-11.0602	-45.1522
21.4543	-17.6978	25.304
5.93308	-10.9345	-47.101
10.1378	-18.929	-34.9074
4.13337	-6.75224	-48.1483
15.8268	-23.3923	13.4019
24.2028	-19.6435	15.4451
6.39184	-3.67913	-47.899
14.8332	-31.7004	-8.21683
3.75785	-7.09207	47.6821
16.845	-25.865	20.2895
6.77937	-13.7905	-40.5266
25.6168	-22.9821	-7.51506
9.31794	-20.7023	-33.3411
16.2891	-21.709	-26.2156
15.0545	-10.5177	41.0156
8.62733	-4.4295	-48.3711
7.15502	-10.0772	47.902
15.1417	-10.0294	44.2359
23.9776	-22.7472	20.4324
5.89157	-6.56204	48.8118
15.3697	-30.0152	-24.9821
8.36667	-10.7191	44.6524
19.2531	-29.7369	-1.82089
5.89048	-6.69585	48.4085
8.89895	-4.30643	47.8661
7.49895	-4.41417	-48.8368
4.59109	-6.41135	-49.2692
13.6199	-17.1889	38.8696
27.0458	-24.153	4.13511
14.501	-13.111	-39.3319
8.20411	-6.73564	48.5158
9.12834	-8.13192	-46.097
28.3414	-19.2581	15.6318
5.6312	-6.28823	-48.2342
4.68202	-7.41635	-45.3112
9.11232	-12.009	-45.272
26.7807	-17.3073	-22.7781
27.7817	-18.9478	7.9904
5.58995	-6.62836	47.2071
23.8752	-12.9561	29.5826
9.52785	-16.5462	40.7015
15.1941	-24.5109	21.7694
5.41894	-11.7851	46.8551
5.77396	-10.2578	-47.1537
5.1486	-6.82972	-48.9279
7.92914	-8.67575	47.7408
6.3349	-4.92681	49.0622
11.8582	-24.4818	-33.3942
26.146	-21.5303	12.921
7.44694	-7.09656	-48.3094
4.38647	-3.45681	48.1744
15.0136	-10.5592	-42.2181
20.0303	-14.814	-29.9606
10.3842	-4.45278	46.9243
5.66904	-10.0272	47.5818
8.09308	-5.20912	47.9752
28.8272	-20.5708	11.9161
6.48766	-12.1797	46.9914
9.23057	-5.70068	47.8794
24.3697	-13.7129	-27.1175
20.3495	-12.0789	-25.8483
17.6635	-33.6233	9.89796
5.11382	-10.6166	-47.1176
8.64918	-12.8	47.466
16.0807	-27.495	22.6329
7.15523	-4.17774	49.2033
25.1649	-12.0273	13.7909
23.791	-13.6838	-33.8836
5.38087	-2.54308	48.9812
11.6887	-17.0133	-40.4556
19.5364	-15.4645	34.4788
4.03776	-4.49768	-48.8221
9.62236	-4.74829	47.6297
24.5099	-18.214	31.1477
19.6111	-10.4927	39.2117
8.37326	-15.0763	-40.8292
7.50721	-3.23314	48.1505
5.96584	-9.21	-47.1702
24.1241	-13.7374	-30.9674
10.5154	-4.40111	47.6267
11.6797	-10.2854	45.9149
11.866	-14.446	-44.6949
24.3123	-23.2187	-2.7738
10.4328	-8.95446	41.4695
7.87112	-10.1613	-46.9505
11.8245	-14.2225	-40.77
15.4729	-19.2806	38.2271
3.58127	-1.76648	48.5297
4.62133	-10.6959	-45.2118
16.3644	-10.0817	41.5057
6.65304	-9.41277	-46.4904
32.9405	-15.3209	0.441102
18.5325	-12.5543	37.6846
13.438	-31.4611	18.5872
15.7711	-29.3079	16.0346
16.8154	-11.4537	39.2666
15.7408	-18.0216	-35.3421
6.74766	-13.3429	42.7583
15.446	-10.3099	-39.532
11.4472	-6.05665	-46.4821
5.04289	-11.9069	-46.3731
13.3836	-6.09375	-43.0598
10.0684	-9.33408	46.4995
21.0094	-20.1607	26.251
5.85015	-11.8186	47.3132
3.60466	-8.58988	-49.0848
8.66589	-5.76144	48.6017
18.3723	-25.9901	-19.0136
18.5591	-29.0825	8.0668
6.49596	-10.8424	-46.9847
14.7921	-33.2811	-6.93994
23.6472	-13.4029	-25.1245
12.6028	-12.3528	-39.6956
14.0181	-6.19738	44.6515
17.0274	-29.6591	-5.75066
21.7185	-20.04	-28.7274
11.602	-16.2893	-38.5771
28.7002	-13.5144	-15.5512
16.2822	-22.8058	-29.4021
25.2698	-22.5268	1.15493
13.492	-9.18486	42.4515
17.5289	-13.5044	-39.3184
14.9093	-15.9207	35.9963
27.7681	-20.1871	0.520531
24.2373	-20.622	-15.4057
25.3248	-15.9204	29.4333
8.94782	-4.51308	-46.9992
11.0351	-7.99258	46.1074
12.965	-7.51508	-44.1569
5.42014	-12.3368	45.3731
10.0913	-22.2318	-39.2674
2.54942	-2.29586	49.0961
22.9867	-23.4487	-14.1561
7.2629	-3.76627	47.4387
7.95095	-7.63415	48.3848
17.8816	-15.0371	-35.4522
29.1348	-20.6365	-10.2912
28.0513	-12.8902	-28.2663
9.77353	-18.8786	39.0975
10.6126	-23.446	-35.4092
28.8367	-17.5691	21.7302
18.3483	-21.3629	-32.2672
16.377	-14.7396	37.2021
9.65334	-14.4191	-45.3782
9.84705	-4.56531	-47.6349
6.82972	-6.56065	-46.9156
11.6794	-19.8368	40.137
15.2277	-11.5667	42.2002
17.3572	-9.17741	-40.7003
3.96129	-7.49854	-46.5363
4.88718	-8.04579	-48.2098
7.81692	-15.9401	41.3014
13.8428	-19.7172	-31.5549
17.8091	-11.6887	34.8926
9.65919	-13.722	-42.9851
5.00893	-2.17243	48.2868
22.7526	-14.6707	28.8703
12.6622	-7.11451	46.5672
19.2847	-17.4664	-27.8669
14.4169	-14.525	-36.4495
3.54329	-6.00041	48.3735
30.02	-19.4077	-2.35869
13.252	-21.2997	34.2148
9.23767	-7.2122	48.4617
15.7644	-21.254	-35.1921
15.2185	-14.4056	-42.1804
4.89108	-9.04382	-47.448
4.07073	-5.39648	48.3042
17.5038	-30.3606	10.4161
5.39025	-6.03306	-48.0957
12.983	-11.7273	-40.8345
6.71919	-8.98188	46.8111
8.00662	-19.3086	-36.2832
23.8199	-20.2244	18.1752
4.2097	-6.25201	-48.5908
24.6749	-25.2593	-6.85718
26.0288	-18.5726	25.154
20.689	-28.791	6.66002
3.36571	-6.44586	-48.1972
16.9487	-20.0836	35.3344
4.68782	-4.97979	-49.2504
29.6803	-17.5545	-17.8196
11.5514	-5.15807	47.0298
15.9092	-18.5222	-36.2483
27.5786	-11.5725	-17.9308
21.2336	-19.935	-22.8759
11.4229	-5.99098	-46.9885
17.0355	-27.5857	-20.0914
17.9467	-25.2905	-16.4124
10.7162	-10.5384	44.8801
4.58308	-2.90807	48.7352
25.801	-15.6615	-23.7839
26.1409	-13.6708	23.9632
16.8231	-13.6885	41.322
12.9122	-18.1401	39.075
8.75629	-3.86933	48.07
26.4208	-22.138	-10.2361
28.8874	-17.2708	13.0016
21.2788	-29.5778	5.43718
9.46337	-5.69861	46.6425
29.082	-17.3893	-12.7666
9.19697	-5.9908	-46.4485
5.96264	-8.06475	48.2788
25.4596	-22.1643	-5.48928
23.5597	-20.2292	-10.2531
20.1266	-15.5703	24.8913
19.2269	-20.4518	24.412
10.4726	-21.6203	-34.2304
23.4437	-17.4461	23.5336
20.9406	-16.2562	-35.654
10.0651	-6.28075	47.4881
21.4527	-14.7259	35.4266
15.3763	-9.71323	-42.5816
6.46727	-10.0669	-46.3485
8.41349	-9.98079	45.2278
10.6526	-14.7316	-38.6316
8.5625	-7.42591	-45.3672
5.53753	-4.13848	-48.9071
7.85352	-8.46558	-47.4011
24.263	-14.6218	-18.203
15.3342	-14.1669	42.3131
12.7453	-9.73444	44.4489
10.7863	-5.29973	44.9205
11.915	-9.53417	43.618
11.0569	-17.4972	-39.1646
13.1602	-12.1481	38.2947
26.1344	-23.9477	10.7737
23.2839	-18.1548	-29.1457
23.0566	-25.5694	-16.4717
5.5133	-4.35686	-48.0697
21.7596	-16.596	31.1208
5.29044	-5.38274	49.1697
15.606	-31.1097	-18.1764
20.1754	-23.5951	-14.6365
3.29853	-7.819	47.0483
16.1548	-8.53303	43.1611
23.8127	-24.844	-11.3234
19.8326	-24.6374	-17.8462
11.7419	-26.8142	-21.9007
17.004	-22.0928	24.8373
7.96236	-5.42336	49.016
16.7427	-8.38652	-42.1375
14.8584	-8.25897	-45.0904
6.37393	-7.94251	-48.4646
29.0249	-17.2121	-23.7526
30.3407	-13.43	15.5347
17.7332	-23.184	24.6909
23.2635	-11.6006	-28.4209
20.3	-24.375	-12.4849
4.26748	-8.2276	48.6955
14.4561	-14.6521	41.9809
8.19337	-19.3438	39.5805
9.73335	-8.55339	45.6718
21.4729	-26.5596	-3.74248
9.05941	-5.24487	46.1087
22.3289	-20.6882	22.1576
19.4682	-10.5988	-39.0009
26.5079	-21.609	14.1469
5.55948	-8.38307	48.8704
9.69684	-8.5342	-43.4196
7.27527	-8.87107	47.3421
10.8903	-8.97111	-38.895
5.03773	-7.42326	48.2282
17.0236	-14.541	-35.766
19.578	-11.1046	-37.5304
31.9733	-16.2671	7.90189
14.2374	-16.0048	-36.3609
13.6506	-18.9474	39.4341
17.9806	-8.19916	-41.173
10.172	-9.5029	44.3128
6.47951	-3.41467	48.2119
11.3965	-17.5338	-40.2944
4.33064	-8.26623	49.2399
8.55907	-3.92438	46.3104
7.78414	-4.99901	47.8684
9.3463	-11.9142	-45.8455
11.0171	-8.19102	-45.0195
28.6862	-17.3071	-6.585
15.604	-10.8273	-30.7207
9.06793	-6.1362	-47.2392
10.6223	-10.374	42.0755
15.9897	-23.8657	26.7494
3.73493	-6.57874	-48.4067
18.4126	-9.40176	37.7545
7.59303	-11.7376	46.0565
5.43164	-4.65308	-48.4038
8.51049	-5.24771	-47.86
23.2709	-18.6664	-28.1449
16.3722	-15.9618	-37.6087
18.4356	-13.5358	-36.4542
4.07217	-8.8953	-48.3002
11.4018	-8.55439	-43.0977
8.1614	-16.4575	45.6809
13.3388	-15.4846	41.7576
24.8313	-14.1966	16.6512
14.7901	-21.6875	24.6371
16.8076	-22.8984	22.0692
14.6948	-18.1429	-35.1117
17.0734	-8.28261	41.8166
8.675	-14.2158	44.1294
22.0866	-24.0956	15.1289
16.6144	-25.8525	-12.925
25.6333	-20.3933	-7.15617
10.1478	-18.796	35.2911
23.225	-24.1145	18.1307
11.9469	-5.51452	-47.5956
30.482	-18.4572	-12.8013
12.5742	-5.92132	-45.2519
18.3956	-9.82978	41.1821
13.4229	-29.0648	-12.7336
9.23767	-3.9148	-46.7025
8.99223	-4.68009	-47.2032
9.73613	-21.1106	34.9619
20.1259	-20.7705	25.13
11.7601	-18.1504	31.8069
7.874	-3.87189	-48.3985
12.7497	-10.284	-43.6429
16.8052	-7.15885	42.9526
8.68678	-8.04129	-45.3119
3.58127	-6.06744	-48.228
25.4021	-11.6191	-32.3741
10.7899	-20.3299	35.4044
23.8352	-10.4622	32.1986
26.4307	-14.7587	-23.6762
22.861	-26.2369	7.90579
21.8541	-15.1469	27.6119
4.9157	-5.16421	-48.2342
14.9043	-28.0869	-28.8928
20.1522	-11.398	31.4062
28.7722	-15.0276	16.6912
4.28233	-9.22291	47.4583
14.8998	-11.5344	42.1207
19.8887	-10.4888	33.1742
23.7906	-23.1006	-18.6032
6.34796	-11.4669	-46.88
16.0628	-11.5206	42.3937
10.3155	-4.30668	-46.3436
9.02252	-7.09389	-44.1017
7.72891	-8.69889	46.6763
10.2544	-23.061	36.0086
29.4365	-13.1191	-23.9001
6.0946	-7.81952	49.1045
10.8172	-23.8091	-30.6605
11.6926	-21.6004	-32.3066
17.7115	-35.2251	9.89223
17.007	-27.5985	1.90781
14.2765	-12.1744	44.4295
11.8994	-6.75554	46.076
5.96021	-6.51706	-48.6314
7.01356	-15.0708	-44.9626
10.4189	-24.6177	-29.601
20.1525	-28.5098	13.8081
3.97681	-7.01637	-49.4809
16.9745	-27.2795	2.43829
6.75507	-7.51826	-47.5311
20.7887	-13.9782	27.9181
27.6779	-22.4807	4.46079
29.2226	-13.9133	21.0945
10.2819	-5.41302	-47.6391
23.0096	-25.2774	-1.27132
22.0206	-12.6017	34.3693
8.38715	-7.69722	45.6407
4.16929	-9.48597	-47.1062
9.8861	-10.2295	-41.9277
15.5284	-11.4583	40.7896
7.04766	-14.3515	-44.1781
17.5058	-29.2743	-10.9044
2.86305	-6.48305	49.726
6.38359	-5.55483	48.3494
15.3401	-17.3423	38.7802
10.5812	-11.5109	45.4775
13.4228	-27.3266	-21.1687
10.6937	-17.99	-37.7411
9.48514	-15.7016	39.9975
7.62541	-4.21597	48.9005
15.1198	-8.02083	-43.5446
2.6188	-4.7797	-49.1511
21.0522	-21.3213	26.0571
4.79366	-6.84227	-47.8992
17.1662	-8.49865	-36.3178
5.70779	-12.9142	-46.3807
30.2863	-13.1235	-12.668
5.21599	-5.32124	-47.6775
14.7036	-35.2978	2.70611
16.5719	-18.143	-36.4334
14.884	-24.5031	24.8225
11.5866	-15.0652	-41.7592
9.67314	-5.4607	43.0462
19.6628	-22.4748	-25.7886
30.9129	-14.5262	-7.2781
14.9611	-6.92411	-42.7592
10.8555	-5.78538	-41.396
19.5952	-19.5525	31.8955
28.3378	-25.0031	1.83769
13.4968	-19.7859	-39.1149
17.7953	-22.8543	30.5598
11.7768	-7.37635	44.2148
19.4163	-17.8	38.1369
32.4123	-13.4966	12.1149
11.5464	-8.28849	44.1548
13.1023	-16.183	-42.6558
24.0322	-17.7837	24.5393
26.4871	-21.7499	-18.2754
19.2689	-24.6636	21.8606
3.74604	-3.39034	48.9395
14.0502	-21.8783	31.0471
23.6646	-20.3674	2.24841
24.4542	-25.6017	0.298266
11.4638	-21.4696	-37.8445
22.1102	-26.0319	-1.06639
26.8504	-15.8165	-11.9724
6.31169	-10.9064	-47.4925
12.7167	-6.18096	-45.1775
10.2231	-7.24371	47.6678
5.40054	-9.85839	46.6767
5.50406	-9.13127	-47.2403
23.8178	-21.5685	9.34034
15.2269	-13.0025	-43.3784
6.56341	-12.9068	44.6037
5.08116	-3.79386	48.9369
6.74922	-12.1462	45.7123
15.543	-17.0372	-37.5477
28.6682	-12.7071	19.4924
8.46324	-4.33054	46.4888
18.3676	-10.3634	41.0302
11.8359	-15.5934	-42.0228
11.5907	-10.4562	-45.2269
16.4633	-11.0138	-41.5759
8.14666	-18.4745	-41.7584
5.21377	-11.3248	43.2423
6.36449	-11.8043	44.1146
4.932	-7.90624	47.8029
7.40078	-14.9915	-44.3575
14.8984	-22.4819	21.997
12.7862	-20.8562	37.2547
6.53891	-8.3834	46.9762
9.47437	-14.1164	-43.2191
16.7261	-27.2199	-7.63539
18.4071	-23.5512	24.0552
19.5426	-11.8196	-35.4736
28.9675	-19.395	7.46485
30.4691	-14.2619	-1.00367
4.59042	-6.67281	48.4997
27.412	-14.5006	20.719
5.32522	-5.16373	-48.2468
18.9326	-17.7062	-33.3562
25.823	-14.0704	30.7067
16.9319	-19.0104	34.3303
9.23331	-5.6392	-47.4681
14.915	-6.94889	-43.5293
29.2797	-17.9751	3.07717
13.5284	-10.3448	-40.3821
22.037	-12.5433	-36.7172
4.9604	-5.22237	49.065
7.93301	-7.14405	-47.7594
17.442	-11.9707	-38.1846
26.8271	-16.4123	15.3298
23.2186	-17.7755	-29.8377
17.604	-15.1103	-35.1301
6.02974	-10.8534	-45.6742
20.6685	-9.92355	-34.1248
29.5529	-14.0982	21.5767
23.2289	-15.6552	-27.0823
29.8561	-14.3282	6.52664
10.043	-7.18615	-44.7624
7.37694	-11.1824	43.0282
10.5328	-11.6058	-45.3445
9.43781	-22.1555	-29.0675
12.4046	-26.884	27.2503
26.6779	-14.7066	20.5176
25.8843	-19.0698	10.5517
20.7933	-13.0548	-30.1378
15.5314	-17.3682	35.7114
26.0237	-22.0832	-1.16927
29.6963	-17.4953	7.19972
31.0073	-15.6493	-8.88147
6.9897	-5.47054	-47.9704
3.77368	-4.40856	-49.5513
5.05073	-10.8348	45.6844
29.1179	-20.9639	-12.0481
6.14829	-6.00815	48.083
31.23	-15.029	2.70407
20.9181	-27.3029	7.32652
2.40117	-5.42506	49.2818
23.2057	-11.7505	29.429
14.375	-19.611	35.7542
23.1708	-19.0172	23.9024
15.9061	-18.8356	26.2111
29.9112	-21.4839	8.5628
9.79378	-15.8281	-41.0391
4.98204	-8.73381	-47.8877
19.3222	-10.7546	-38.9149
9.90949	-10.3565	47.0064
16.9771	-19.4953	-34.1266
7.12498	-12.2978	-44.8641
11.8177	-28.4278	2.6135
9.49083	-11.2532	-46.7532
12.9523	-7.02711	45.2471
3.03739	-5.57746	-49.8023
9.36265	-11.782	-42.0044
9.78783	-4.8732	-46.8848
24.7303	-21.2433	-12.5226
7.20783	-12.1665	-45.5033
10.8133	-24.7169	34.401
23.079	-14.0941	-22.3224
26.7827	-13.8273	-26.7245
28.8005	-17.8622	14.9951
4.19528	-7.3182	-46.7195
5.99164	-7.52646	-48.3158
19.5834	-18.4888	22.8004
12.2425	-5.29615	-44.3551
20.7228	-10.6641	-39.7902
22.6081	-13.0177	-33.0793
13.2097	-23.1746	30.399
5.88453	-9.29802	-46.6756
6.47532	-4.68491	48.9942
4.79957	-10.8641	-48.0485
15.7851	-13.5435	-37.6901
15.0729	-23.0063	-25.7343
21.2438	-17.7732	-35.4471
13.1318	-11.7857	41.1855
5.50485	-3.39717	48.0933
28.8932	-13.8533	23.2993
20.2533	-16.7234	-31.329
6.95817	-9.90971	47.5049
7.59502	-6.25588	-47.2576
32.0912	-23.3873	-2.76258
24.2245	-24.5975	-4.07445
7.83162	-3.86082	-46.745
6.62316	-14.9989	43.7044
7.90031	-14.5742	-43.4398
10.9382	-15.6575	-41.1332
7.89536	-5.39076	-48.018
28.4855	-13.8008	22.0914
15.8362	-28.8714	12.0016
30.8965	-21.3303	-2.9732
20.2169	-24.6177	-5.29148
14.7071	-25.5586	23.0181
28.5148	-16.0702	-20.9128
19.0003	-21.2475	25.4078
6.10541	-13.4916	44.6389
12.7575	-28.7595	26.3044
8.9803	-12.5639	47.0115
23.8837	-18.3407	25.5796
15.2659	-12.2851	41.6786
22.8556	-25.9094	21.8481
26.6484	-17.9225	21.676
13.7747	-25.3662	-25.1873
19.1123	-27.9887	27.7593
16.8828	-22.4922	32.7349
7.81975	-10.3233	-46.3804
3.24814	-4.35097	-48.4861
7.50024	-3.96968	48.1905
23.9862	-26.2791	-9.86256
16.9401	-11.9762	43.4739
30.0154	-12.5019	13.3426
30.5218	-16.7446	15.4542
4.50257	-4.76847	49.3443
8.78967	-3.67557	-47.6741
11.738	-13.4693	40.3564
31.0854	-20.5105	13.7731
10.214	-7.37223	48.4394
5.71959	-9.64047	-45.8693
8.66597	-9.61934	44.9954
20.302	-26.0984	-1.99057
7.8487	-8.32727	44.4785
8.55952	-17.4712	39.9772
30.5886	-13.4694	21.2821
6.11588	-13.8591	-43.1241
16.0065	-35.3449	5.50057
18.109	-31.0103	3.49324
10.0979	-22.686	37.0644
16.5153	-13.2451	35.6651
19.8116	-22.2	13.5909
20.8587	-27.4042	-6.29043
3.49644	-7.10045	49.2171
21.8698	-10.1292	-37.4203
10.8785	-22.9685	33.0989
15.6061	-24.1454	26.1174
8.34697	-13.3072	42.2198
7.93623	-5.07588	-46.7958
17.8795	-21.9543	26.597
17.7905	-9.80225	40.8476
12.653	-6.34105	-46.9013
18.2047	-15.0585	40.8679
10.9939	-6.26789	46.319
11.7161	-16.9901	42.5068
17.1696	-27.8246	-16.2104
12.7691	-6.86356	-45.4563
22.9979	-23.9298	3.16068
10.0452	-8.19923	-45.3482
17.9095	-9.77077	-39.2797
10.6811	-16.7097	-38.6379
16.5305	-28.8843	8.27737
11.0565	-5.03924	47.2284
31.6715	-16.0529	-0.474136
3.78328	-7.97049	-46.9515
13.4139	-10.1927	-44.1552
6.46802	-9.81631	45.3621
26.1056	-19.9228	12.6255
6.23063	-11.5862	43.4077
26.8466	-12.4902	5.13662
17.1669	-27.3675	18.5388
18.748	-8.66237	37.7423
29.8254	-14.2878	-1.25636
16.0577	-12.8859	37.6251
20.8027	-21.6959	-18.5967
7.50663	-11.8554	45.4287
28.4541	-20.4618	-10.3443
17.6576	-27.1925	13.9041
13.2245	-17.8956	-38.0456
30.0016	-18.1434	-12.0449
20.2198	-24.1253	-14.4925
12.1656	-28.1752	21.6402
12.2109	-28.1093	-22.7244
21.8061	-19.7565	-27.8323
15.9484	-31.0006	11.1997
15.2726	-25.9508	26.7162
9.54928	-5.89273	43.9157
26.2324	-13.1813	23.6633
9.81625	-5.80251	47.2993
27.549	-22.5948	3.23638
12.82	-13.1221	39.5694
19.3101	-16.0387	38.3889
27.7896	-25.4458	-0.70694
9.30072	-14.2603	-40.5514
3.75888	-6.8007	47.6011
13.0288	-25.8778	-32.9236
13.9592	-9.56456	41.2785
20.3237	-14.0299	36.6111
8.98944	-8.78399	-45.4597
10.899	-5.93762	-46.3847
9.90517	-23.4059	-32.4948
10.2762	-6.95446	-47.129
16.1429	-8.49444	44.3574
14.5511	-34.1306	6.21988
15.3905	-18.9281	-35.2338
9.9003	-16.6578	-41.2114
9.41835	-5.48976	45.5843
25.1614	-18.1586	19.329
6.33021	-10.8434	46.4567
18.4131	-12.3585	-37.4712
9.01633	-4.05412	-48.3909
29.2734	-22.3487	-7.89051
11.5037	-6.03406	47.1479
6.7476	-3.88607	-49.0564
20.3781	-8.89497	-40.8804
26.1825	-19.5447	-24.8239
6.50135	-8.23961	48.3036
5.08296	-10.9824	-47.5606
16.4559	-31.4109	4.46589
15.1105	-23.1525	-29.054
16.4102	-32.4466	4.93628
20.1704	-18.3372	-27.0331
8.64541	-16.0358	45.5183
10.4808	-8.25369	-45.794
16.4956	-12.9565	-32.7034
20.6767	-21.2555	20.0622
15.406	-26.2283	-16.461
7.61289	-5.51392	46.8271
11.2726	-12.7675	-42.5131
13.5266	-16.1057	38.8361
8.54895	-6.46084	46.7583
25.5557	-26.9887	10.9604
14.2257	-23.9895	21.6615
17.2124	-28.839	-4.22066
13.0638	-9.44795	-43.2016
8.31133	-5.9831	45.5961
3.28092	-2.10057	-49.0577
14.9755	-20.4231	24.1964
25.6032	-13.5074	-29.4227
14.3702	-18.1009	-40.7906
9.84008	-16.2014	-41.2323
18.0837	-32.2347	5.45106
13.9502	-29.636	-19.3315
22.8584	-21.6944	12.3182
14.2945	-9.60432	-43.9429
11.9406	-12.1106	43.8629
26.2303	-12.024	-25.7872
29.6308	-12.6314	20.6258
9.65199	-16.9967	-39.2584
7.04142	-8.37338	47.1719
7.50064	-7.46836	-47.9075
26.4877	-20.9655	1.24697
8.70403	-5.91429	-44.461
23.1064	-17.7587	-34.2142
27.3476	-16.166	6.82109
9.81397	-5.99511	-45.212
13.5899	-26.6441	-21.9645
24.9213	-25.3906	-7.9547
18.9673	-17.4735	-34.7725
11.3498	-6.08138	-44.6951
6.75029	-7.55745	48.9596
20.16	-26.8609	-13.4375
17.9453	-12.6703	-40.0204
15.2683	-7.48046	40.3404
14.4126	-27.2702	-30.0863
23.8386	-21.6307	14.6427
9.95392	-5.40133	-46.7615
5.95546	-4.64625	49.1864
22.1064	-20.5624	-18.9579
22.6378	-19.3069	22.5124
4.16139	-8.24124	48.9195
25.3615	-18.2562	-22.2354
24.6502	-10.8408	27.4193
21.2014	-17.6922	-27.0833
18.1503	-33.9958	-1.6582
7.79926	-7.10148	46.4034
14.6834	-23.9651	29.602
10.2427	-4.80569	-48.0171
12.7104	-29.1985	15.5348
15.9923	-26.8006	11.3877
4.15389	-1.93104	48.562
26.0771	-27.7576	-2.73291
12.8557	-11.5402	41.7173
23.0746	-25.2029	-22.3211
22.541	-22.1087	-5.15455
5.73	-4.7409	49.4304
25.0193	-15.6781	-22.8543
13.9975	-32.1674	8.5781
23.6992	-12.7367	30.6622
9.33344	-18.0619	43.2493
19.5873	-11.2209	39.6486
19.8551	-27.4388	5.70114
15.2055	-22.7025	27.6897
24.8884	-19.3017	29.1589
14.1552	-19.5725	33.8296
6.77739	-5.63405	48.3982
19.1729	-20.1059	-18.5183
7.94639	-6.25553	-46.2233
11.3692	-21.1091	30.7383
19.4337	-24.207	-8.3854
23.058	-10.2611	-36.4658
24.6217	-12.2325	28.9208
10.2477	-8.3765	-46.7544
15.8023	-31.8265	-9.75498
6.43492	-4.84778	48.5109
26.7637	-18.1805	18.615
25.6043	-13.0704	-28.1656
5.36703	-7.06099	-49.093
12.9191	-20.4925	-31.4652
7.50293	-14.0539	41.6351
20.6686	-9.48297	27.4055
6.69323	-7.60754	-46.6019
4.50054	-7.09875	49.3466
17.2913	-14.4532	39.9875
12.1649	-8.32035	46.0544
31.432	-14.1706	-5.63635
22.4214	-15.2301	-26.7321
15.9036	-19.1623	31.5
7.1834	-13.4726	45.0013
27.1494	-14.5428	-30.6627
15.1006	-29.4451	-15.0202
26.2694	-19.2961	-27.5359
22.2698	-29.5654	5.59195
13.7052	-8.46365	-46.2052
10.3361	-9.95429	40.6772
7.2817	-6.29714	48.0382
16.1537	-22.258	-34.1935
6.58471	-9.04528	47.1801
29.5901	-18.7134	-6.87067
17.1881	-18.7753	-27.2687
8.33225	-12.7625	43.2442
8.6412	-17.4835	37.1848
7.63416	-13.5949	-37.9073
6.9514	-9.84762	-46.9648
10.3389	-12.2565	45.8216
14.9164	-22.2881	-32.3107
25.3685	-12.8645	25.904
14.9577	-11.5188	-39.9547
11.3106	-21.0441	20.4929
28.0111	-13.7515	21.7795
24.805	-10.4055	-19.7634
4.71048	-8.02685	-44.8164
6.70024	-13.8683	-45.03
31.5051	-13.8232	10.6159
18.7947	-26.4195	-20.9179
18.6137	-20.7009	36.3326
19.471	-16.3936	-31.5017
11.7249	-8.13199	45.7899
25.868	-18.2251	21.6462
14.3204	-14.5204	-39.8565
4.86965	-3.58651	-49.0777
13.9337	-20.6352	33.908
8.58149	-14.8561	-42.6392
23.7416	-16.0821	23.9387
15.9934	-18.5849	-35.5181
8.60871	-9.97445	-46.5478
12.3632	-8.95597	-44.2922
12.6773	-8.39097	45.92
7.80712	-4.27971	-48.7507
22.0341	-17.3924	-26.8801
16.6002	-9.79506	42.6807
5.67955	-2.88428	-49.4816
23.4992	-21.2449	13.5724
4.76692	-10.9563	-46.7254
19.4172	-32.5925	3.15588
9.29602	-14.0451	43.7133
7.27875	-3.27906	49.4095
11.2165	-12.5062	43.6727
27.6243	-19.0614	12.6044
10.5585	-18.7457	39.5962
9.38667	-4.22785	-47.373
29.973	-18.6433	0.054868
5.46823	-7.53231	-48.6799
3.71571	-5.67726	-48.6426
12.0823	-5.74029	45.9665
6.77055	-8.20322	-47.6949
12.354	-12.1673	41.8808
13.3376	-21.021	28.5351
13.4429	-23.8028	-32.2177
8.24923	-4.18911	46.762
14.2135	-28.3367	-27.2385
7.80876	-12.607	44.6863
24.6917	-15.6702	-28.7459
28.3833	-15.9635	21.3668
21.1916	-14.9499	-35.136
4.59099	-9.8877	-47.5368
13.0943	-19.3375	-37.298
13.964	-7.60436	43.1563
10.383	-13.9892	-44.5862
16.4275	-14.9073	40.9535
24.2617	-16.3874	-22.116
24.5205	-20.4909	-19.5832
26.1116	-11.7094	27.0138
25.2706	-19.0141	-26.993
8.02167	-10.5021	-46.1079
9.0423	-7.81684	-47.8516
13.8579	-18.2577	42.3535
19.7657	-10.2777	42.7085
7.96955	-9.61325	-46.6946
9.89101	-11.755	45.596
10.1175	-5.02675	46.9359
9.40757	-13.5823	43.8562
14.7904	-6.47711	-42.9084
26.6294	-17.7522	-16.3123
30.2836	-13.4912	-2.31625
34.2784	-14.7032	2.26061
11.5548	-7.20388	44.8394
18.948	-20.2201	-27.0246
18.4682	-28.442	-11.2819
4.03592	-6.82841	-49.1764
7.20484	-15.8997	44.0709
14.6728	-30.4353	-17.9938
16.0412	-8.89301	43.2428
25.4475	-24.3822	-5.6913
18.8567	-23.7731	-22.7719
13.5124	-11.0559	39.4735
14.9234	-29.6666	10.8949
12.0553	-9.64335	-43.283
12.995	-26.2154	-8.06642
3.3649	-7.20871	-47.4128
31.3102	-18.2902	-3.90716
16.8753	-22.1181	-23.64
22.1279	-16.101	30.8032
7.3514	-13.4693	42.3853
6.85133	-5.94863	-47.6816
27.9451	-12.9638	-22.6702
12.5173	-8.74689	-47.2682
18.0573	-25.4617	-24.4017
6.27961	-4.82886	-47.9103
25.0819	-13.7889	24.4314
26.1612	-12.7708	-2.39292
23.437	-11.4505	-26.3243
23.9052	-22.2817	21.7737
6.48789	-3.18386	-48.3949
13.6359	-15.5821	-41.9545
21.5913	-23.1004	14.3368
2.59844	-6.08531	48.6942
12.2261	-6.86054	-45.3609
19.9722	-9.86322	37.2991
22.9377	-14.9206	22.7221
12.0479	-18.049	-38.0457
13.4903	-31.3063	3.94678
19.0991	-9.81389	38.0134
17.0724	-10.2655	37.5089
2.2355	-5.36726	-49.493
29.3027	-20.4528	-1.23127
14.1422	-24.0645	-28.7373
6.43705	-4.36284	-48.4217
3.22599	-6.88759	-49.5473
4.36881	-6.68878	-48.7855
15.666	-31.4448	-10.0225
17.6469	-25.8697	7.80566
15.252	-17.7705	37.627
7.89277	-5.19791	48.269
20.2105	-25.3955	-10.5587
3.65795	-5.64833	49.3119
21.8665	-28.9148	-3.31983
3.47068	-5.87251	47.7418
24.6496	-20.323	22.8155
7.04378	-4.15242	-48.6517
26.1296	-23.8613	17.1345
31.2633	-19.6587	-5.10932
17.1363	-26.7754	15.1594
3.72654	-7.15493	49.082
7.53169	-16.4317	45.0686
29.5409	-15.9217	0.227781
9.80769	-20.1378	-35.6261
13.6771	-32.315	19.8103
6.41128	-10.4639	-43.9821
5.5527	-11.0946	45.241
3.95568	-7.22344	48.8591
8.09984	-10.1814	-44.9499
8.99173	-5.74183	46.0758
23.2926	-20.3061	-26.8172
30.1558	-16.2732	-8.60307
12.7972	-14.684	-39.4495
18.5864	-11.5868	39.5827
26.3044	-16.9725	-25.6587
17.9748	-28.4279	-23.8922
10.3049	-14.9801	-43.7924
3.42847	-4.22631	-49.6862
10.7295	-6.2212	-46.6489
2.49195	-5.33382	-49.6119
20.6268	-16.3894	-33.672
3.59131	-4.20914	-49.4761
23.2812	-11.7404	-32.2072
9.2426	-16.7547	-39.9495
26.6877	-19.7244	5.56906
14.2013	-8.56925	-42.9007
16.124	-19.347	-35.8681
16.5083	-19.2753	40.1095
7.26811	-5.30915	48.6481
17.8571	-8.43965	40.0152
13.6404	-10.7226	42.376
18.079	-24.8811	-8.44795
29.1649	-15.8185	16.3848
8.98641	-9.28189	-45.4733
18.6508	-29.1704	12.2684
4.60157	-4.68656	-47.8658
26.4331	-15.4651	-16.2568
7.28694	-14.5323	41.9664
16.3343	-18.32	36.966
12.4626	-8.91864	-44.3988
7.20478	-12.7523	-46.333
27.2031	-11.5231	30.9175
5.75103	-13.0942	-46.5393
6.97556	-5.55214	-48.3642
25.2809	-14.0547	-24.0281
10.6462	-18.5615	35.5844
12.7421	-19.9269	-33.7169
15.7488	-6.91515	-43.9505
23.0265	-16.264	-29.2259
25.4708	-24.5041	-6.55308
23.6529	-16.9999	-19.8613
7.05157	-10.2365	48.1587
32.5582	-15.0013	5.17235
25.7928	-21.5849	-21.6783
26.7582	-17.338	19.98
18.427	-11.3849	41.036
23.391	-22.8706	-22.2233
10.6585	-10.928	-45.185
20.6901	-10.1289	40.157
13.059	-30.0643	16.2624
17.6603	-30.3074	14.6457
20.4566	-20.6191	-23.7259
17.3932	-19.0091	-31.881
18.9701	-16.3556	31.8337
23.4802	-19.2924	-19.1928
12.4019	-25.9645	28.8631
15.7144	-12.231	-41.6782
14.3443	-29.8364	-0.00519495
12.1791	-8.83905	42.2963
21.3323	-8.92408	36.7476
9.24477	-4.34895	48.3058
19.2051	-22.5426	-25.4902
9.83057	-17.3953	-34.6926
5.6618	-7.11638	-47.6856
26.9014	-15.4262	18.6197
11.9735	-9.68074	-44.7267
6.28139	-12.7075	47.2569
25.6964	-16.8993	-15.469
5.97282	-8.26818	-47.4724
12.3656	-9.77344	-45.3532
10.9206	-10.3258	-44.7532
30.8886	-17.868	9.01694
6.68307	-7.83773	-44.8497
11.4577	-14.1959	-41.3337
10.2566	-9.76593	-44.5328
10.3465	-10.7702	-44.8022
18.897	-29.5769	-0.261172
4.31012	-10.2685	47.4114
8.86761	-4.05646	48.8725
12.7349	-28.8347	9.17961
13.8176	-14.189	-42.2113
27.6669	-20.7107	11.389
27.1391	-22.6318	9.97798
23.7327	-10.1971	34.8566
7.55803	-16.1191	42.3851
8.20124	-11.0944	-43.0985
12.4725	-15.2815	39.2395
20.8387	-24.0387	9.70862
8.47729	-9.92813	-43.5819
7.54198	-6.36198	-46.4738
26.5764	-17.4541	23.0035
13.7795	-14.3085	41.2878
24.1246	-28.7347	3.43486
13.7739	-9.48732	-44.5211
12.5256	-23.7957	-33.4964
6.25045	-10.6463	48.9914
8.23052	-11.0072	47.066
15.8117	-28.7156	-8.31397
18.4325	-14.8387	33.2798
4.1419	-6.95149	-49.2051
15.8618	-10.6387	38.4093
16.4298	-31.277	-10.5942
7.13768	-4.72152	-48.8034
8.26435	-10.9347	46.419
20.0689	-13.057	36.0779
7.50399	-5.76818	-47.3915
16.0463	-17.374	-27.7241
12.6632	-27.021	14.6775
24.0104	-22.566	6.71819
29.0034	-16.3193	-8.31549
6.99618	-4.94523	-49.0393
15.8745	-11.1758	-41.9505
19.531	-11.4451	39.8803
10.5981	-21.3962	-35.8218
7.96564	-8.88263	46.5657
19.3357	-16.3268	-33.8927
12.1736	-15.8514	40.7728
8.01968	-17.6962	41.4095
16.8636	-17.5888	-35.4276
10.6343	-9.55586	45.646
19.3619	-27.2808	-14.7861
22.499	-30.3089	3.17339
14.2182	-11.3777	44.1916
10.3211	-6.5892	46.5039
15.9295	-30.4969	6.04585
15.6273	-7.84242	42.3492
6.14186	-6.48544	-49.2812
12.0696	-24.8547	29.7568
11.9568	-5.71154	-46.3794
12.8151	-10.2364	-44.6588
5.98179	-14.0858	-41.3631
4.12922	-5.72863	48.5783
16.5335	-26.8992	-25.8634
8.28543	-3.60519	48.8286
8.53711	-8.38466	45.5309
27.6558	-19.7264	-12.2973
20.2015	-22.7419	-24.7185
17.2957	-12.3844	38.5092
6.11267	-9.06905	-45.3036
18.0451	-10.1073	40.8813
