17.9707	20.1213	11.0638
17.862	15.7135	33.5756
10.9764	17.6095	-40.5792
27.3826	13.5414	24.6743
12.3804	12.2308	44.7792
23.0206	9.85653	-28.7682
21.3925	28.2459	-3.97046
2.77842	5.96166	48.9196
11.4319	15.7104	41.0044
3.44006	7.99013	-49.3384
10.0963	5.07497	-45.8113
4.60962	7.95084	48.1846
15.9669	13.0051	-40.5566
15.4672	7.48069	-39.2074
16.9778	26.3652	-19.3271
19.513	23.7671	15.859
16.5529	7.77269	-40.9834
32.7007	15.5124	-0.571645
16.115	28.2307	10.5698
12.6443	5.72735	-44.4317
4.24808	10.1695	47.7977
8.56578	16.4626	41.3425
18.8493	29.79	-4.49328
6.36036	12.9814	44.1595
12.988	21.526	-28.6029
4.5789	10.7644	46.9016
16.6085	21.5973	-34.6482
9.66641	10.0951	-45.6949
9.37195	6.32742	47.0778
10.4248	16.3579	42.1315
22.682	11.4588	21.7379
20.2831	11.0379	-36.3567
27.1487	13.2918	-0.141839
7.33739	3.38108	49.4002
8.47339	18.29	-41.1557
12.0904	16.9362	-41.296
10.6553	23.6329	35.4268
20.224	21.3692	24.6768
11.6741	21.4698	35.5684
20.7713	24.4371	-21.99
7.21506	6.40085	-48.4011
19.7453	12.0399	36.6501
12.7045	16.8116	-38.2628
9.3771	7.51822	46.0724
6.21398	7.95171	-48.112
24.4111	20.2643	27.0438
15.4282	32.3393	-7.28506
12.5799	23.0561	-24.6321
11.1918	11.5722	43.9688
26.3904	14.7966	-9.77226
24.07	19.4222	-28.152
3.91866	6.0856	-48.6472
23.1078	14.5939	-27.9412
23.3191	15.4298	-29.1281
3.58541	7.61597	49.429
9.70811	14.2328	40.648
11.6727	8.36388	-46.5544
9.68208	22.0676	39.1833
26.5795	11.5759	-25.1736
6.40405	10.9901	45.8535
23.9444	10.4078	-22.1764
7.44863	17.1055	44.0367
16.0583	22.3494	29.8895
10.9963	9.62991	-43.4817
25.8928	14.3975	-11.0446
5.73037	4.73887	49.0138
31.9742	15.4769	8.32432
12.531	14.4031	41.3081
8.53984	12.3939	-44.2928
22.1611	16.7918	-29.2398
25.2716	21.4608	-0.0457341
9.30318	10.3488	45.2812
4.45926	8.29308	48.8042
11.1051	11.8027	-43.9072
16.9498	19.7749	25.4252
15.8399	13.2729	-39.4184
13.0015	30.5424	-3.03855
13.5099	28.6716	-22.7782
8.79644	8.43854	47.456
16.7492	17.1173	34.4767
6.54536	3.25511	-48.6899
11.0819	4.80774	47.3979
22.4589	24.8641	9.55871
17.9414	9.66753	42.9738
20.1378	9.9342	-36.3096
11.783	12.7244	-43.3779
5.90981	7.88025	-47.1887
28.6382	17.1193	23.4291
9.94201	15.2444	-44.3779
5.88971	10.863	-48.0375
10.9807	7.68267	46.2792
6.63464	8.41552	47.4524
7.3401	6.50295	-47.6082
20.9932	22.7382	-16.4002
8.53689	3.59327	48.0861
29.3904	12.3637	-24.7127
8.50977	4.43538	-47.1902
14.3288	12.9119	-42.0847
16.1214	28.0267	11.6698
3.06592	5.4529	-48.9207
17.8531	30.4249	1.68921
9.1721	10.121	47.4048
21.7361	10.2813	-36.8625
14.7587	6.66831	-42.7568
20.9963	10.0255	34.8142
12.7779	14.4927	-38.3952
13.8168	16.3953	-41.2909
14.6068	12.2788	39.5579
27.1879	17.4243	-16.7908
17.4664	8.05706	-39.1154
7.13244	6.74239	-47.2817
12.7294	23.3837	31.5631
6.78916	5.34967	-48.8364
19.6438	24.9432	-15.9381
6.49424	15.666	-43.1521
29.1809	12.0923	-16.0723
26.9834	16.2469	19.2458
15.7076	10.8692	42.3614
24.1468	14.4805	9.13004
29.2435	17.8191	0.360814
9.77883	13.2624	43.2239
2.13428	4.2159	49.0354
27.3775	15.62	-15.7182
3.96122	8.94939	48.5445
24.502	17.4149	-15.4087
23.5594	20.3859	22.8048
7.25003	8.23716	47.7845
6.56787	11.7165	46.0008
2.78433	2.90933	49.0972
7.79243	14.8353	-44.5745
13.9519	9.97221	-36.7223
16.1255	26.5534	21.3498
20.9085	13.4764	-35.2783
24.272	21.1023	17.7146
11.0558	18.8642	-37.316
28.5937	15.9616	-19.3484
14.9366	28.7643	-17.8243
2.97659	6.2505	48.757
9.27309	14.2803	-44.9654
8.77695	3.66058	47.852
12.7702	29.7847	18.6045
14.4736	11.7974	40.9162
27.8373	22.6487	15.4353
15.9114	8.90365	40.0296
5.2325	4.90942	49.0457
9.41874	14.0827	44.4723
8.1511	3.96689	-46.4163
6.49167	8.00886	47.9271
34.6632	17.5943	-5.20748
8.20349	7.92155	-46.8639
31.0353	14.2654	9.74986
14.8765	10.9076	-41.7755
4.38217	3.83425	48.6271
2.29723	5.25309	49.972
4.74773	10.6105	-47.0403
9.03165	15.0245	43.4567
23.9426	16.9417	-20.3824
9.28098	13.8257	42.7958
14.2966	15.3691	32.2269
23.2015	19.318	-21.6752
25.672	27.9956	9.62591
11.6792	15.2363	43.0085
24.9261	16.4084	28.3026
4.03904	9.20083	47.4579
22.7091	23.4526	20.3466
10.0829	12.0439	46.7293
17.1206	20.0581	-28.7234
14.1947	12.9448	-36.1978
11.2944	14.9854	38.5553
8.81834	14.1067	42.5064
9.06629	14.6998	-45.3241
9.81305	8.5802	46.4487
11.7553	12.5657	-42.0084
8.34659	11.4098	45.4297
25.1613	20.7872	21.3071
6.51909	9.5245	48.3942
16.5451	28.8863	-10.8195
12.4767	24.8845	-27.3133
13.3299	6.63061	-46.1943
14.829	6.62675	45.9318
24.422	11.5787	-30.6525
11.7029	16.923	-37.1024
5.25411	12.5636	-47.5903
14.2979	8.8364	44.3594
7.75044	9.0503	-47.5826
22.7207	21.1293	-29.1428
15.1506	14.233	-40.9478
5.55737	8.76716	-46.4864
16.4975	10.0732	-42.6073
24.8297	15.7137	26.2548
24.5329	23.4167	8.36126
26.7983	18.3174	-5.43863
28.0895	18.0453	14.9686
20.5925	13.1978	34.4102
4.25402	4.99465	48.2003
4.71056	8.29733	48.2315
11.5451	13.3844	-42.5406
10.8414	25.9431	-34.1803
8.385	5.52557	46.752
15.812	9.31967	-41.9382
3.77971	2.19027	49.1718
5.68783	9.14998	47.9737
19.2402	19.5458	30.0027
23.4837	20.2176	14.0372
16.9582	22.5431	-21.8751
21.0647	27.579	-14.1824
10.1417	10.2895	-42.6143
24.4622	22.885	14.9699
15.3768	19.0726	35.1324
17.6738	18.6361	37.3806
5.83307	2.86113	-47.7291
26.3508	13.3401	-31.0765
9.60097	7.9568	-48.1941
17.7509	14.8137	-32.3942
11.9188	11.6297	43.5067
29.1308	19.8521	7.17172
1.85732	3.46238	-49.055
14.4383	19.6192	36.2872
8.34132	4.18774	47.6387
14.164	14.9649	40.4646
16.3875	23.8625	32.5914
12.9337	9.51242	42.5932
12.8421	8.64646	-45.2209
11.4919	23.1425	-34.7841
15.1597	13.3956	-38.4333
13.3116	23.4172	-33.3758
11.1016	5.20182	-46.5673
15.4153	30.4997	12.5937
12.2116	29.3049	-1.24946
19.7356	11.2722	-38.7993
2.76572	4.43087	48.3641
8.52197	10.2494	-45.1604
23.2336	21.2458	25.8615
25.9361	21.1197	-11.2138
11.1778	21.559	37.581
5.93763	3.13292	48.6778
27.0484	14.7522	-30.9388
23.2134	15.3064	30.6023
18.7871	9.45049	-39.4775
25.3328	13.5972	-31.7837
6.24691	4.76641	-47.0399
17.2649	33.044	13.8658
14.5118	25.6474	-29.5058
5.7548	3.78588	-48.6082
8.42044	3.97657	48.3351
15.8152	17.466	-37.8809
13.3859	21.6422	30.9341
6.5635	5.50273	48.5523
11.8411	6.57041	-45.845
13.4045	8.94938	-44.2153
4.37709	5.10233	-48.8662
13.6781	31.3194	-15.6641
16.5002	20.0742	25.7967
7.60272	4.68888	-48.0101
11.2646	11.6997	43.4624
22.3477	11.3938	35.3982
15.9352	9.40718	42.2539
16.7061	20.9487	-20.6284
30.3166	13.1113	-23.0681
10.8557	5.82139	-46.2317
8.48205	14.7309	41.8783
21.0078	17.3741	23.4242
10.1211	5.64068	-47.1268
18.2571	29.5958	-0.00512865
16.3081	17.34	-38.1127
28.4785	18.5349	10.3876
12.2662	9.82196	-44.209
18.6598	14.2496	35.261
24.4639	19.7021	-28.4372
6.27888	5.354	49.5191
15.506	10.3084	42.6325
16.2606	30.3013	7.69508
9.13256	12.1991	44.7093
14.3628	7.14219	-42.292
24.3935	17.4171	31.08
7.8972	5.94176	-48.1675
17.1902	26.9853	-6.12452
19.4924	19.6628	23.7052
12.5534	21.1448	-33.8835
8.10743	3.77937	-48.7188
10.3594	12.3752	-42.6157
7.11076	4.64598	47.8926
4.57489	6.37661	-47.1219
27.8158	17.8734	2.52718
29.3505	17.2205	13.3545
5.91248	5.28945	49.2857
15.9458	27.6776	5.53
11.8416	8.5634	43.7889
15.4619	15.2985	-35.845
5.58159	2.93032	-49.6484
17.3124	13.1225	-36.4449
5.60332	2.4452	47.9332
3.42907	7.95168	-46.4295
6.17216	5.10326	-48.5654
4.75546	5.06595	48.185
21.2821	25.3434	-18.4577
13.1415	17.8637	41.8282
11.5647	10.3728	-45.3225
15.6032	9.50252	41.9543
8.06176	4.94706	-45.5871
10.5049	4.9862	48.0732
8.17931	15.8416	43.7656
24.4715	11.7548	26.174
20.3029	10.3834	29.9597
9.45523	9.81442	45.5438
15.2708	30.7553	12.8787
21.9207	14.9111	33.1466
16.7981	19.2972	38.5907
8.19966	4.10071	-46.9587
10.1361	24.2527	36.6509
7.95236	10.6091	-47.3641
22.925	24.9906	11.601
13.2558	9.8128	-43.1811
5.45495	6.94436	-48.2453
14.2753	7.20577	44.4536
5.93677	11.8566	44.6705
24.9972	26.9511	2.55088
14.0546	28.6316	-21.7169
8.75707	12.5159	44.2023
27.5492	19.2047	14.9003
13.9009	25.9715	-28.5939
20.7572	13.0375	35.3171
17.4135	7.24752	27.9412
13.343	12.5413	-40.3373
22.5803	15.9913	-31.769
14.4022	21.5624	36.8207
26.5933	17.2792	-22.7658
24.2514	24.274	20.7056
9.34234	9.51533	-45.7584
6.24712	5.11006	-49.0882
8.37821	15.617	44.3152
7.23817	11.2015	46.4794
5.79208	6.78696	46.6733
22.4493	24.2999	12.4796
7.2968	4.27141	48.4992
10.9705	10.1857	44.3635
12.9923	12.3148	44.0268
13.0937	9.22851	-40.9646
19.297	8.96397	40.0556
22.207	13.1595	-36.9819
5.93238	4.07677	-48.8251
26.7216	19.597	20.7715
8.68723	8.13112	47.6003
28.1887	19.64	8.61969
4.53464	9.81298	47.0897
10.8991	9.15095	-44.5762
21.8166	12.1181	36.5068
4.6645	10.0331	46.459
20.1214	17.1414	-30.2145
20.9405	16.7634	27.448
29.6915	14.6888	25.116
16.6624	7.09273	43.0408
24.65	19.9793	-27.2319
8.98442	17.3464	42.968
16.5906	7.04275	41.8907
3.07273	6.71855	49.4487
5.77551	6.01696	48.7305
26.1881	19.0263	27.4912
11.5274	14.274	-42.6809
11.5065	20.8185	31.7092
10.6068	5.73795	-46.1563
26.855	11.9969	-16.5387
9.61431	13.1056	43.9163
20.5645	25.3353	-1.9555
8.31997	10.7965	43.3961
13.462	20.4319	40.9674
8.62021	12.4909	40.6362
6.47779	12.5421	46.2202
8.89851	8.52018	47.4886
9.71697	4.19731	-47.8444
30.2536	13.6155	9.13966
22.7974	18.9485	-11.7845
6.38618	10.2524	46.1669
7.7935	18.127	38.9145
18.2485	11.7616	-33.0645
1.61525	3.03196	48.896
20.207	15.3018	28.9399
24.8173	22.4912	-3.15905
19.7802	14.5052	35.9654
15.3803	22.9719	31.0036
19.3847	25.5147	15.6767
22.4928	19.3483	-25.8204
10.0173	12.7764	-46.8809
16.2675	9.49942	-38.2558
6.94372	12.7209	-46.5524
17.0196	29.0517	25.4678
28.3897	12.7577	16.6731
14.7185	21.9994	30.8837
11.5418	22.2624	-32.0641
11.9643	23.1551	-31.1261
14.4617	29.2426	-29.0711
11.6602	5.89421	46.4422
20.3171	27.3969	8.06326
9.32157	6.73599	-47.0155
8.29223	19.7125	-41.5992
27.7704	15.5611	11.3069
8.87219	15.6329	41.3861
12.819	7.92103	-40.5426
20.8664	18.2663	29.5033
9.81295	11.1289	44.6919
17.6327	17.1743	34.3498
22.9366	16.6516	32.1695
16.1519	8.76675	-40.2367
21.2724	17.6531	23.0635
17.7931	9.27742	42.4224
23.2539	16.3985	30.7414
23.2636	20.497	4.66402
5.96388	13.464	43.6448
18.7585	25.544	-23.2731
14.9522	8.06572	-41.8668
2.87847	6.48999	48.8698
22.7154	27.4032	-0.645997
21.9147	28.6272	-3.29405
22.9849	18.4582	-31.4603
24.5897	16.0846	7.90274
9.16719	3.79837	-47.2056
22.0314	21.7333	23.8117
5.52172	10.5521	-45.7853
15.6072	11.1247	41.5457
4.2761	5.85824	-49.6001
12.8747	13.4108	-41.1913
13.2211	12.0808	-43.2281
19.0432	14.3376	-34.7379
7.07906	8.46866	-47.3963
19.6325	25.0742	4.94142
24.7684	25.698	-11.7575
11.6421	5.39969	46.3881
21.0169	19.2239	3.40193
21.3686	25.2745	10.0218
3.71523	8.17688	48.591
29.2146	19.6839	-9.74357
17.2036	8.30576	39.8593
20.558	13.2369	32.4428
20.5806	26.1486	-6.14413
22.5252	17.4751	27.4971
3.50285	6.70291	48.0141
18.9855	26.3558	-17.1887
10.7022	22.343	-28.643
10.6621	10.2599	-43.2497
8.34316	4.53024	-47.0211
16.9895	20.8396	27.7728
12.2283	19.6692	38.5726
10.0943	5.53106	-46.5976
7.08977	8.58328	-45.5911
16.8642	30.3036	14.1511
13.7155	8.61279	-45.0849
11.0876	8.1932	-46.4543
20.6478	21.2598	15.697
14.3972	9.51745	-43.2147
13.6987	6.97686	-43.5508
5.77089	6.77401	-48.7884
30.6873	21.0801	-1.05937
14.2575	7.9684	44.8471
17.5825	12.8615	-40.6769
21.8568	25.1608	-3.97113
12.5354	12.9692	-42.3916
25.7412	23.3318	-18.9547
6.48581	15.4371	44.6246
7.82711	8.8849	-47.0949
20.0132	25.6646	19.4316
4.73565	9.43397	46.3586
9.96172	20.239	-34.5978
10.373	7.88284	46.9461
21.8657	28.3685	-19.0805
14.4565	9.2482	41.8872
14.8281	23.5995	29.6141
22.4777	9.60274	-34.1764
13.6344	20.4057	39.0789
21.0105	16.9025	28.9913
5.90286	13.8185	-45.286
17.315	7.53055	40.6792
22.7529	27.0156	7.94276
9.08913	20.6661	38.8118
13.2699	22.027	-27.06
27.0688	24.0966	-3.22969
11.662	5.04466	45.8351
4.22306	6.57493	-48.2302
7.86666	14.3198	45.1253
4.8793	4.13096	47.9172
19.403	16.5685	37.1179
28.721	14.8221	12.0917
9.41092	10.5308	-44.5579
7.46437	11.9037	-45.7628
20.735	25.8516	0.634707
22.5674	20.9738	-14.6989
6.01825	7.05528	-47.7937
22.2594	15.423	23.1632
21.9956	19.8016	10.1506
7.67781	10.7546	46.1541
25.3381	27.1457	-3.20741
13.2965	17.4219	-39.0019
16.5257	7.37966	-42.3726
9.08145	5.87864	-46.37
18.7111	28.2434	-19.028
26.138	21.1217	18.4738
29.3683	21.2124	0.930446
26.7016	17.9848	-22.9934
4.8508	10.2021	48.0102
6.54443	8.60192	-48.4758
10.936	8.55362	-44.7605
24.7549	20.4083	11.4916
10.1391	6.63454	-46.8094
13.1602	8.20956	45.1409
26.807	13.1474	31.4222
19.6712	11.4838	33.8114
24.8654	17.3773	24.7429
9.57001	20.7972	37.5377
13.6139	22.5514	35.644
5.85885	8.33038	47.581
26.8363	19.7821	5.01523
5.79705	6.65565	48.9021
20.909	8.81281	-39.6745
4.09474	7.05673	48.3849
3.90306	8.02916	48.6627
8.32791	17.9796	42.035
28.9928	16.4578	-4.30536
4.27173	8.1815	48.8031
10.4519	6.12617	-47.847
16.8597	25.9139	26.8524
22.0533	20.5331	11.9174
24.3444	13.0231	-28.2534
9.34663	13.0438	-43.5441
21.0811	21.5941	-21.7518
8.91885	18.9546	-42.3046
32.3542	14.3347	3.40893
14.8324	11.4656	-39.2159
3.89329	2.95985	48.6575
7.04883	6.47967	48.1419
10.1558	15.7258	-39.2363
25.9205	24.947	18.1682
22.7621	20.3976	31.3075
13.2171	14.3622	42.693
29.3356	15.4471	-18.7773
12.6033	12.2967	43.0135
14.1987	27.7274	-13.6987
12.3674	19.4043	35.0943
7.5855	12.4773	45.9335
8.12368	9.34228	-46.4394
6.48434	3.32917	-48.8478
10.6959	12.4151	44.0332
12.45	5.32071	44.4502
28.3917	15.8128	25.2406
9.67731	11.2394	-43.0004
16.1048	8.05492	40.671
14.0307	7.04506	-41.3441
19.7078	13.0635	38.1082
16.2227	22.5633	-32.5325
21.504	20.0997	-27.6799
18.5368	13.7081	-36.883
16.1106	17.7972	-33.7277
16.7122	24.187	-30.7646
11.2319	7.09547	-45.9943
16.7252	17.6614	-36.9491
7.63023	9.8309	45.6598
20.8579	20.5506	-26.4879
5.93984	11.8759	46.0465
9.4879	4.34602	-44.4367
9.51101	6.39657	47.3341
6.77988	6.21377	-47.3485
6.90186	7.85968	-46.3518
8.64231	17.5954	-42.5759
4.32348	6.23256	-48.2534
14.2251	9.26601	43.7932
12.471	29.87	17.8442
18.1063	16.3658	22.6075
7.24787	12.2904	46.7747
7.36694	12.7224	-42.0127
12.3257	6.23424	45.1724
29.0439	18.4988	15.2189
26.3915	12.8048	-23.2195
4.88901	10.225	48.2263
21.1537	26.2707	28.2913
5.11695	6.91595	48.9875
18.8805	26.9974	-14.4912
13.3066	29.5622	1.91917
16.6726	30.7422	14.5649
7.82622	5.95711	47.9689
15.0373	7.77517	-45.0989
7.93669	9.8145	47.4037
12.5733	7.3461	-45.2288
19.5919	12.3354	-39.164
11.3584	8.03951	44.6994
29.7587	22.5082	-0.116276
22.667	18.4307	-21.5035
23.7376	12.2122	-30.6102
26.4793	29.2332	9.23457
10.8	5.5822	-46.127
26.7946	24.9269	6.56817
17.4684	8.13704	-40.8982
4.66662	9.4164	48.2002
8.97713	11.9386	-41.0646
20.095	13.7298	-28.9433
20.3112	22.6577	-16.3172
9.94643	8.00752	47.4264
6.30914	6.99672	-47.7252
22.5169	17.342	26.9834
13.7902	11.1404	40.622
29.7088	17.3193	-12.8832
14.1812	6.21507	-44.3645
14.2922	27.1195	-24.7928
13.7507	6.24662	44.8816
20.1452	14.6408	-31.0465
13.2474	12.38	-39.271
9.48998	15.2746	41.1031
16.0278	25.41	21.7268
29.4728	19.2359	8.80103
20.7356	16.3618	16.3556
15.2004	19.1691	-30.8166
10.07	9.26787	46.9727
22.3609	25.1425	-10.8296
11.9469	9.63213	-47.3591
13.0732	28.1214	27.0332
18.3317	7.76153	37.5147
3.56439	6.334	48.9477
18.8007	15.7327	-32.2589
24.1726	10.9439	38.0592
4.44421	6.06273	48.2392
24.4826	12.0798	-30.6097
20.2324	17.5554	26.1006
17.2388	8.43951	39.0854
25.9036	13.6215	19.9825
27.2078	16.7276	-10.4855
4.87949	2.29532	48.7667
24.308	16.0263	-30.7984
5.62924	10.4429	-47.571
7.28762	5.12833	-48.4434
22.2876	11.4673	-34.5313
19.8583	26.2869	14.5454
9.69771	11.2145	44.3286
23.6574	22.1648	-12.925
6.43529	7.81352	48.5843
18.0956	19.7715	-29.5435
25.1987	11.5994	26.4999
13.1738	9.5391	43.6297
14.8536	27.5453	-15.0474
22.0657	17.0012	32.0632
20.986	15.3038	35.6093
8.24237	4.31082	-48.0067
16.3604	10.7746	44.1911
21.1883	15.7413	30.0501
11.6442	17.5062	42.4573
16.4022	11.7873	-41.5423
28.5847	15.2352	-17.7359
11.1863	10.8031	-44.1008
5.97882	7.72371	47.1438
7.92547	6.60614	-48.7432
25.2787	17.7554	-22.7143
16.8028	20.3861	-17.0922
11.9139	5.12766	46.4464
31.1323	17.951	-0.0199735
9.48191	20.9345	31.927
31.0419	19.1749	-10.9334
7.52825	7.48319	-48.3219
8.22529	3.64028	-47.3945
20.415	16.694	-26.7511
27.6281	13.2154	-24.3323
18.6709	9.04756	-35.2896
11.6322	7.66168	46.1211
16.9269	9.2207	43.2494
7.01363	14.6833	-44.4683
11.9065	7.76787	44.2745
13.0584	19.3848	-33.3144
11.8695	11.0397	-45.1877
9.30859	13.238	-40.9321
19.0062	21.2317	25.0279
20.389	22.8903	-26.2899
9.82904	11.4192	45.2279
26.1764	16.8457	12.872
17.6996	10.0176	-32.586
5.53259	11.2225	-46.4853
17.8723	25.9146	17.0909
30.8902	13.237	7.59598
23.1063	18.6645	-25.8916
9.37086	10.2395	-45.5194
9.94333	8.35288	47.0049
12.0084	8.74192	43.8647
23.7518	11.0197	31.9172
4.736	7.0483	48.6836
8.66855	4.03145	47.6665
30.6447	14.8727	2.6701
9.47382	22.449	24.1445
8.45382	19.0117	39.488
11.1958	26.9169	-33.61
16.1522	11.0413	-40.0257
16.477	17.9846	34.4814
11.9463	24.3279	33.7823
13.3884	14.1526	-43.4397
14.3664	9.26181	42.4457
8.30167	14.4818	-41.6165
12.8218	12.7686	43.7153
14.4571	7.47246	44.139
19.2128	14.6191	35.782
14.3821	16.8449	-36.2662
23.8886	22.6948	-17.1654
11.0412	10.3206	-42.0847
18.8369	14.4028	33.3269
7.65629	10.8461	-44.7691
24.7633	20.272	3.19422
12.0967	23.0008	31.6779
11.7912	8.94024	-41.7903
16.5663	30.7424	18.0837
5.364	9.51029	-47.6861
7.37221	4.06545	-48.0802
11.8225	7.9192	-44.6996
24.9261	21.4296	-10.3296
10.041	24.084	-33.5026
4.98127	5.78778	49.2087
30.7218	15.002	-9.89822
4.98743	3.92958	-48.657
25.1521	14.727	13.4372
5.65115	11.1195	-45.8698
14.7368	28.8775	-24.4462
15.1007	14.3056	-42.35
21.4763	23.3552	19.7746
17.6064	15.7968	-33.8129
14.3373	16.8013	40.3112
22.4988	25.9791	2.09674
9.14556	20.9883	-34.9513
12.5708	8.95012	-44.1078
6.77368	12.0349	45.188
3.95793	8.21768	-48.2258
27.0238	14.0305	20.1319
11.4712	11.8011	-42.7502
14.6912	25.0273	26.8911
30.9326	18.6729	-2.16707
26.8948	13.4095	-23.628
13.1805	5.88492	45.3597
5.51673	5.34921	-47.0596
15.2861	23.9545	-14.3724
21.4962	12.5069	-35.478
13.2811	14.3216	40.4411
18.8043	11.4335	38.3175
11.3514	22.931	-25.5913
8.67566	13.9943	-41.4374
13.2637	28.1881	31.5512
18.8215	29.0519	28.4765
7.63151	4.06676	48.9949
22.8728	21.1369	23.8648
22.6563	17.0248	-28.0572
19.2122	13.128	-36.1858
20.7757	26.4259	29.901
27.1925	12.7857	-14.572
4.45081	9.02544	48.6856
17.9219	34.018	4.43557
6.00926	10.3667	-45.9727
8.25888	17.5537	-43.7142
10.1592	22.7381	32.6614
24.7225	23.6359	-19.2332
15.3522	11.2944	-39.1404
9.15821	6.98942	-47.5799
19.5653	27.5134	-15.7149
12.4553	8.69014	-45.0082
10.5291	8.34954	45.6545
16.0752	22.8811	20.2448
5.30597	3.90981	-47.6521
13.3218	22.0635	-36.4355
28.1331	20.6469	-4.5323
28.4462	13.0027	27.7119
3.51288	7.92579	-48.2969
20.4363	13.1782	-34.5354
11.4215	21.7204	31.8922
4.29026	8.39112	-48.66
18.8037	21.9631	32.4949
15.8872	15.3157	39.6029
8.35903	16.0176	40.1272
17.2075	13.6267	-35.0466
4.73782	7.85166	-47.8429
8.34391	13.4592	-45.2285
6.7828	4.85954	48.8056
9.35583	5.31675	-46.6985
4.71796	6.30247	-48.9674
25.5415	19.7054	-15.7448
12.3913	25.7677	-26.1969
10.5905	21.8004	-33.4604
24.0026	25.2255	7.2188
16.7688	20.7701	28.1764
27.781	23.4089	10.0853
7.93672	6.60404	48.1374
25.714	20.267	-25.4501
3.49354	6.26346	-49.2189
16.8144	12.6107	-36.3463
17.2375	12.9799	39.9887
19.4245	17.8805	29.5894
26.8739	14.1761	20.3407
26.9179	18.4731	-26.6912
4.71015	4.3796	-48.841
14.6987	33.1738	4.70729
22.4077	10.578	-35.2911
15.3314	17.8199	32.1194
16.1919	10.2646	-41.2506
11.7496	15.5091	43.442
17.3511	12.5428	35.8436
13.0551	17.8876	-37.5917
17.7507	22.7365	32.0305
22.7086	14.1176	-32.6516
13.1902	24.0846	-34.9533
5.64732	4.49704	47.1498
12.4387	28.2258	-14.9349
27.767	14.2605	24.6817
29.9998	18.2082	-11.4686
21.3583	27.8396	-12.5712
14.5061	29.6863	7.04778
7.84479	7.26223	46.1233
7.3679	4.14305	46.7718
9.66239	8.75124	-46.1974
14.4451	16.1719	40.4318
23.2056	22.9335	12.032
11.6776	5.63428	-46.6532
9.24707	8.27281	48.2081
13.4329	24.0673	33.2545
23.3539	19.8686	14.8297
19.5205	16.3242	-33.0627
14.8133	24.7002	13.7058
10.1603	13.4645	41.3359
8.44305	7.49225	-45.7412
28.3658	18.2583	8.84982
18.6459	19.8557	24.0675
23.0643	9.9768	33.6533
32.1347	16.7271	-2.06715
11.2869	13.704	-41.234
18.0482	15.6557	-34.534
12.2397	9.09843	45.2623
15.8493	14.7272	-37.8466
15.8319	11.5554	-38.4116
26.8651	19.4806	17.6668
14.1881	12.0765	43.3465
27.0259	12.6921	29.392
5.85527	4.63383	48.8789
7.31225	10.9511	48.8381
25.6536	18.7567	-12.3031
28.0977	18.1712	-12.3685
24.8283	18.7668	6.10916
14.3168	9.63427	41.2461
9.58187	7.51466	-46.9752
4.51093	6.88702	-46.3613
20.6955	22.1582	-20.2497
31.5549	18.9386	0.85162
17.7342	22.8937	27.0372
23.3217	21.7772	11.1134
24.698	14.2931	-10.3027
8.80316	5.17088	47.3919
20.3558	25.6521	3.87718
8.49866	5.33223	46.9308
8.28379	14.7679	40.9476
22.868	24.6891	25.8027
7.12598	6.35963	48.7813
13.1931	10.1287	-40.3813
20.8342	21.8455	-23.2631
27.9308	22.5347	-10.4053
9.81101	23.3251	25.7814
8.12771	13.2934	45.884
16.2222	9.10604	-41.6991
21.6801	26.2928	15.0061
25.8627	19.7401	10.8802
6.80162	7.8727	47.4917
26.7771	20.2785	4.21892
18.1525	28.8783	4.51094
11.2588	13.39	43.1755
18.3865	26.6348	22.5141
10.5049	7.11612	46.9277
6.11852	11.0119	47.954
6.80584	5.91214	48.3438
12.6742	17.868	-38.9697
12.9394	22.891	31.6754
10.2426	21.493	-35.6178
20.6773	11.893	38.1094
13.9167	16.5623	-38.656
7.00309	16.4715	-43.2844
3.85456	8.33438	48.1638
17.8344	10.7774	-41.4716
28.3648	18.5582	8.86821
17.7268	17.0203	33.0363
13.5825	18.8087	35.9603
10.3183	17.5529	-39.3621
10.9574	23.9952	26.8313
11.5905	19.8465	36.3543
2.89096	4.4807	48.6544
28.4426	15.5622	-17.86
16.0977	10.5405	-38.1967
9.74262	15.5805	-42.1743
7.94594	15.1081	44.5323
28.1834	19.3511	15.3227
14.8749	8.296	45.3418
5.94927	3.96996	49.0365
12.7475	16.1865	42.0436
5.15019	11.3415	-45.5095
24.9164	20.5168	-3.29295
20.5861	27.7088	-3.07071
15.8881	24.8733	11.1001
22.8106	10.1082	35.0933
6.47868	15.3558	42.8673
12.181	8.7539	-47.2824
17.4716	29.9146	-24.7686
8.96869	12.3973	-42.784
18.634	17.2567	29.0133
9.36235	17.9659	-40.8236
9.65101	18.9665	-39.7106
12.8158	5.41514	-45.1581
11.214	22.5042	35.7888
16.6366	13.7115	34.4111
15.9736	10.529	42.4461
8.72301	5.67953	-47.4664
21.2948	11.9298	29.5831
26.2277	23.8481	-5.32485
13.994	6.91117	-44.4053
25.8242	17.6237	21.8579
15.5957	25.3905	-23.2933
19.8933	21.9957	-28.1476
18.5181	20.1811	30.7269
7.22973	5.02619	-48.2709
18.5772	7.74628	-41.039
6.77216	12.4588	-45.4862
5.17242	2.2485	-49.1106
15.6995	12.6239	-38.2328
11.6604	7.96404	45.4749
3.3724	6.53348	-49.6833
24.1763	25.6928	5.64608
2.93323	6.2281	48.4118
23.8597	15.8378	23.7851
21.9994	16.3505	32.3034
3.7196	7.27435	48.6153
18.6773	24.287	8.9285
5.60658	10.4695	-47.0106
19.3685	22.4635	-33.3171
8.79033	9.23033	47.6412
8.77462	4.75577	47.4198
10.7235	5.39139	-46.1653
9.50198	20.0417	34.262
23.0162	26.7089	13.4299
16.1873	9.9905	-41.2533
8.37884	18.8207	-39.0143
8.41376	15.1788	42.3101
27.1514	21.19	-15.2135
23.2897	27.1585	-3.48698
14.9045	28.1725	-6.68358
27.146	23.07	-3.01636
8.4312	3.57368	-47.2187
20.6567	18.8446	-33.4113
16.2857	20.6897	30.285
7.48992	9.08684	-47.4763
23.9252	22.7557	-2.93651
26.0771	11.8025	17.2243
7.54959	6.61257	-48.1085
16.2273	8.81489	41.8499
19.212	12.7647	35.3502
10.7153	20.975	-40.8697
11.8584	14.1106	-39.058
31.1979	13.7235	-15.2445
8.18397	7.57425	46.5783
29.3933	13.5351	-7.65262
25.8428	13.5828	14.7202
5.79302	12.0964	45.35
19.2711	28.6955	-11.1387
6.87459	9.76515	46.5987
4.13462	3.65031	48.767
5.11553	5.24909	49.1393
5.70123	3.8743	-49.2297
14.8597	11.1349	41.8344
30.9826	15.3139	-7.491
11.5335	17.2615	40.7628
16.1523	10.6228	-38.5706
11.9362	22.8046	34.342
8.24909	6.87064	-45.8937
21.9281	15.851	30.6242
7.12333	10.5933	46.0782
19.4183	12.9313	-33.1783
12.3842	5.3454	-44.2688
27.1699	17.0072	-23.0096
3.77049	6.7334	48.34
10.5084	14.1108	-41.9867
11.2628	4.74799	48.4203
21.9435	9.91477	37.9726
7.06681	4.87832	-47.821
25.2144	29.3197	-7.77553
25.9009	16.3031	-28.1202
20.0816	9.64181	-38.7156
13.3567	15.4271	-42.1093
6.43084	5.86674	47.2531
16.6386	14.9534	-38.4965
4.90631	9.47818	48.5352
21.7845	23.7165	-17.1153
9.25906	5.30089	-47.4505
14.4981	10.7866	43.2475
18.8004	28.6555	1.34794
13.1074	5.98302	-44.9039
26.7282	18.2464	0.994177
12.8642	10.4035	-43.5595
7.80291	9.24065	-46.0848
19.4203	23.3256	22.7693
26.9254	22.327	1.98915
7.24882	3.95414	-48.0054
4.27528	8.20388	49.0087
16.603	8.83232	-39.5185
13.194	26.3319	25.6338
10.8042	9.93007	44.1019
16.2907	30.9865	0.720053
28.6878	21.937	4.65035
19.7564	25.8433	22.5529
20.1056	29.5613	3.99837
6.30322	12.742	-46.1863
6.08716	7.06633	48.7381
26.6867	13.2186	-23.7747
3.36341	6.33824	47.8133
4.16513	6.6068	48.3608
23.3786	9.9172	34.8976
10.8151	24.2903	31.5908
6.7822	5.82667	47.9402
20.6117	19.8901	-16.4723
24.0033	19.029	-22.2106
14.8281	7.17605	-42.0845
17.0455	17.899	37.4781
18.352	9.4908	-36.7998
13.9697	11.1183	-40.9111
15.5942	11.813	40.4361
29.0852	14.2662	-5.27326
6.47688	7.39515	-47.642
9.90637	8.53489	44.2052
7.87418	6.31438	-48.4247
8.00963	7.3439	-47.0315
7.46913	8.31548	46.7837
3.91645	6.13335	48.4291
14.8501	13.2079	-42.7376
13.3014	29.0638	-15.1235
16.7991	28.7668	22.0416
16.6298	13.6213	-39.8826
20.1004	27.9787	-2.09849
28.5036	16.6892	-20.4204
28.6756	13.594	-18.2939
4.38593	6.52068	49.5453
18.9509	21.0954	-30.2439
3.07844	3.51552	48.9648
4.19758	7.0944	-48.8906
19.5841	24.3636	18.5773
5.65482	4.00312	-48.21
17.2932	26.9677	24.4921
10.1346	22.4209	-39.9075
6.17219	10.3537	-45.5716
12.9331	6.29861	-43.875
8.08227	7.95919	-45.9745
30.0084	16.6586	-0.744007
9.98849	5.53341	47.2578
25.0753	22.2181	11.8255
14.5717	12.6505	42.7379
27.8503	18.3261	-21.3903
19.8993	29.4486	-5.16531
14.077	8.13187	-40.0686
23.1697	30.9726	9.68318
6.71826	10.7606	47.6832
29.5518	15.0632	3.5614
12.6763	20.6157	35.607
5.1046	7.12625	48.4604
11.653	25.2139	-31.1171
30.611	15.7263	-1.69274
24.2295	15.6869	26.6715
15.3818	7.83317	44.9943
4.44098	9.51132	-47.0295
28.2784	13.4969	-25.0836
12.1901	26.4323	16.7975
19.0692	9.68803	-38.6675
7.80946	5.23255	-48.5387
16.2893	21.6764	-32.7108
31.6324	18.37	-1.30733
9.42487	9.29861	-47.2653
22.6405	22.0564	-23.5781
4.17414	7.53867	-49.4797
11.1629	12.262	37.6964
16.2521	7.50466	-40.3194
14.3208	15.7168	-37.9687
10.6794	9.2715	-43.1709
7.93966	6.00087	48.325
7.55122	7.91277	-47.5851
18.8286	15.1582	-31.6508
12.4839	5.46493	-44.3719
20.7199	19.2021	21.489
6.8991	8.33511	47.4084
18.6771	8.81166	-40.4266
7.75058	3.87038	-47.465
11.5218	18.1124	-38.794
10.098	4.314	47.7851
25.3615	13.3882	26.2351
13.1943	24.4059	27.904
24.4576	13.9984	-22.5399
12.1828	11.052	-42.0326
12.9323	10.6459	42.9987
21.6947	10.5872	38.9967
7.66404	6.26786	-47.236
7.5945	13.3048	-46.2211
26.4435	18.4537	-24.2183
21.2052	25.7026	-11.4315
16.1456	8.1109	-39.0345
16.1867	27.9481	-25.3698
15.877	7.53577	43.7102
9.44578	9.51428	-45.2045
12.0551	7.72247	-45.279
12.5254	14.1172	-40.4105
4.71354	2.71903	48.9153
12.2358	8.50204	45.7162
11.7451	23.715	-29.1642
18.7934	22.3448	29.7667
4.14285	4.18579	-49.1465
16.3121	19.0139	-36.0014
20.962	27.8263	-20.5138
9.21817	18.9283	-41.3467
12.5292	21.5472	-34.9329
11.924	12.8236	42.6802
19.1809	13.2493	38.2145
30.9783	13.8828	-16.1196
29.593	12.3604	-21.251
14.3356	22.9968	30.1812
8.75882	11.9974	47.2507
12.0034	6.44194	-40.9639
17.7327	17.9642	-34.7809
29.4246	17.1138	12.5482
21.5086	28.8008	14.8732
16.0304	13.0018	-38.9655
2.00314	4.27292	49.0613
22.7473	27.0569	-9.68407
21.3863	24.4901	10.7949
20.332	28.0213	3.07889
13.7434	18.6299	-39.556
20.3837	26.0233	-9.08301
5.934	5.99751	-49.2949
16.4541	19.0816	30.2043
13.5761	15.2199	41.5402
19.438	31.0382	-9.41348
7.98169	7.28557	46.7872
21.4822	17.3121	-29.3696
23.6566	22.0293	22.7292
7.11994	8.54631	46.5431
25.6631	15.9597	23.932
5.12569	6.98046	-47.3307
17.5156	29.3457	-11.1655
25.8346	16.6545	27.1656
18.7146	11.2092	38.7815
19.8547	28.1291	-5.94388
11.9066	7.45814	47.3733
28.1941	26.7807	-5.64316
14.6419	21.2559	-20.2771
9.19999	13.8217	43.448
6.10172	10.7297	-46.3173
14.7836	6.23449	-35.8448
12.549	19.3357	36.8835
23.5529	10.454	30.3568
16.1696	28.2397	-18.4332
9.18603	10.021	-46.0791
11.3374	21.744	-33.2047
7.5413	15.5113	-42.2718
15.6817	11.5106	-38.5667
4.25543	5.05766	-48.7244
14.7649	11.3699	-37.2137
8.5129	8.0021	-47.9886
28.1652	21.0512	-13.5135
4.89867	8.99538	-47.4482
10.6836	21.2639	-32.1626
18.2569	18.6273	29.4592
17.5849	29.7612	-2.72929
8.5632	6.32485	48.1484
6.68297	5.94708	-48.017
6.4959	7.48487	-47.3644
6.11597	7.22135	-45.8552
14.9846	26.0679	0.971031
14.3014	10.072	42.1986
13.9845	27.5172	27.4475
30.7387	13.0019	21.566
21.8513	12.7405	-30.4435
6.50109	6.51549	47.0173
22.7227	17.3574	25.2099
7.41225	8.59068	-45.1634
12.1175	24.1016	27.7717
20.7247	17.8601	-30.6251
20.2237	24.4969	-13.0142
25.4256	14.8637	24.9615
25.2345	15.0294	-23.3576
11.8457	19.1623	-35.645
12.3577	5.62077	-45.2708
14.4044	7.26762	-41.0965
7.61149	9.28157	-43.7954
3.14886	5.03519	-48.4627
20.1642	21.8669	-24.8125
23.9679	20.1776	-31.4407
18.3123	21.7478	10.5325
21.5186	17.156	27.2824
16.3973	26.9527	-31.4686
22.9978	22.6784	22.5764
9.54082	8.52179	46.6001
14.2829	6.00384	46.0902
25.8641	16.5907	12.145
6.24988	14.5736	42.4082
15.9102	21.1953	28.6816
12.2581	15.2781	38.4254
14.111	29.1387	-17.2281
26.7976	15.5454	7.57383
24.7666	17.0066	22.0253
6.47812	9.55206	-45.2345
6.28847	12.2769	-42.7621
6.64448	11.6082	-46.3141
10.6502	18.5409	41.4132
24.0901	10.434	-34.145
27.7522	12.3526	-24.3127
12.7353	8.42648	44.4402
18.1392	28.8843	-17.5172
11.4203	11.5558	44.5098
19.4031	8.80236	40.3334
12.943	11.9367	43.0635
12.4177	5.52383	-46.5072
16.3196	25.8387	16.7691
4.57908	4.97434	-48.853
6.7516	5.82662	-48.697
12.4903	26.478	-24.8978
24.9458	23.4916	-5.51771
12.7064	8.99028	-44.8502
26.3482	26.9652	-1.46024
19.4758	18.526	-30.3956
6.01487	4.20723	-48.7958
11.9169	8.3568	46.1139
6.28825	2.78618	-48.4179
8.66724	5.95046	47.6645
16.0087	22.4357	34.99
9.6106	6.62516	48.6101
6.68515	15.6743	46.1909
12.4678	18.0081	-37.5873
16.4307	30.9597	-0.269183
19.5802	30.3607	11.3964
7.23111	11.8077	44.4992
17.6376	30.2058	11.5171
4.44285	7.99074	49.2824
7.00983	7.21235	46.4564
19.4643	14.9447	35.1586
11.167	19.0919	40.4158
8.18408	4.59019	48.2717
5.54109	10.5693	47.1869
26.7378	15.0723	26.3004
21.5205	22.8378	-23.0983
17.1081	14.9529	-34.0247
11.4334	19.1956	39.1998
18.2698	9.42245	-38.6185
18.3449	16.2429	32.5575
5.65586	8.94213	-47.3543
16.741	10.5295	-37.8022
10.6902	10.4538	-45.171
24.1189	14.1217	-29.6911
11.9378	12.8304	42.0261
18.1146	8.25625	-40.5535
10.8258	25.9023	28.9497
17.7914	15.7125	-37.5547
28.5878	14.0539	-3.58055
20.2794	17.974	-28.0493
13.0004	10.8097	39.8549
20.7172	25.7546	-9.61365
5.83814	9.01148	-46.2012
18.3158	26.3029	-22.9846
16.8501	17.8238	39.8491
6.34931	9.74315	47.1408
4.31043	9.91202	-47.1454
19.4384	23.5139	28.3465
26.3206	14.1417	-23.7298
30.383	16.9956	16.1231
14.6324	26.8417	-27.724
14.2439	11.564	-37.0473
7.15271	16.5172	-42.1277
18.574	19.9549	34.4738
4.10362	6.55697	48.5457
14.3548	13.22	-40.57
26.0964	22.7866	-11.8322
26.1794	22.8456	0.100763
26.819	16.6914	24.1191
17.0939	25.9006	19.8252
13.8506	6.28512	46.6412
14.8012	20.9579	30.6969
4.12983	9.88506	-48.4924
8.61859	11.0662	-45.0665
10.6423	9.48022	47.4548
12.1399	22.1755	-34.0836
21.0961	22.8803	-23.8536
15.2354	30.52	25.5739
15.5406	18.5439	-36.5445
11.2524	9.39868	-45.75
10.8692	22.9555	25.2964
19.5255	23.117	-10.7229
20.2244	12.6926	33.9367
25.8423	19.0642	2.83961
11.5874	17.9293	36.076
22.0319	15.3702	24.3077
8.36726	6.96677	48.7374
24.2196	10.5649	33.1136
20.4231	20.3549	25.9411
21.2765	12.0098	35.7819
31.4379	19.7238	-1.33757
15.2987	22.2203	-29.8516
3.90703	9.00908	-46.7203
4.94874	9.71175	-47.4679
9.11379	6.48186	-47.0461
12.4508	6.50666	-45.9053
17.7038	34.2014	-3.18172
12.3111	6.6396	-43.1006
17.3085	25.7436	24.5486
5.47778	2.93203	-48.7469
12.4411	8.29405	44.9736
24.1357	11.246	27.9128
14.4123	25.1522	-30.8121
8.30917	17.3543	-43.189
15.4283	31.2992	9.5564
12.4841	5.88421	-44.2394
18.6479	14.3891	-38.9288
19.2553	16.7015	29.6334
13.1118	12.6331	-39.5636
24.4179	11.5812	-32.6727
16.3871	32.1228	12.4828
12.6582	11.3346	37.5364
22.4477	24.8449	12.6776
23.9086	22.0241	-23.2047
12.7195	13.3135	-42.1175
19.871	17.0281	-26.6086
3.65133	4.72951	-49.5238
27.5589	15.2627	-26.7909
11.1862	18.2016	40.6757
25.7636	14.5186	20.668
19.6098	24.7078	-16.965
4.76158	9.20924	-47.6161
14.4841	27.7869	-27.3313
17.9596	26.3252	17.7902
7.40817	11.2094	-46.5368
11.8628	12.2375	41.1924
20.3382	27.5397	-22.6879
14.7939	28.4224	24.8528
17.8677	17.4542	-27.541
10.0849	5.09788	45.6692
10.1037	19.6087	39.2407
7.85723	7.86918	-46.4178
27.1482	18.8679	-6.53507
6.34437	4.03599	-48.499
7.60761	10.3594	45.3772
8.32013	7.66264	-47.3207
14.8983	10.1324	-38.9944
14.7067	16.6206	-40.9505
17.1535	11.8445	39.5926
20.0005	10.4983	28.9939
7.73515	8.57999	-46.4394
14.1053	11.7116	43.1757
10.0016	5.53542	47.4925
18.7104	16.2894	-33.8395
17.3765	24.7428	26.0792
5.4058	9.88603	-44.8595
19.9506	25.8316	-15.067
9.4225	11.9189	-44.9694
6.75744	10.7681	-47.4221
10.5317	10.2271	43.7258
9.22694	7.23321	-47.1415
10.7752	20.3421	-26.7345
14.4255	18.9989	-35.2848
19.719	12.7039	38.6099
2.75228	5.8683	49.1507
12.7748	5.97304	-45.4751
5.55869	3.13611	-49.5412
9.21142	10.091	-44.8226
4.08576	4.9828	-49.7145
23.3708	26.8212	-7.98183
25.313	11.4831	28.2182
16.0293	19.9036	-24.9091
13.9064	13.9413	40.418
25.6335	25.7513	12.7474
19.1409	10.1618	-38.013
28.9971	21.5983	10.9865
17.1105	20.351	-32.7514
16.9342	26.4666	24.1596
13.3311	12.9462	-38.8584
19.4153	34.0851	3.63295
21.6691	25.0098	-20.5577
13.265	8.39835	43.7792
15.5365	30.9681	-9.81647
22.6226	24.1864	-16.5519
15.1452	26.2153	10.5277
11.787	25.1311	30.6271
7.88519	5.46648	-47.8224
15.9632	7.53204	39.9717
30.1953	13.9886	13.8325
24.355	11.9848	31.3028
8.579	17.3859	42.3716
12.647	23.697	26.6308
13.071	12.8973	40.4922
12.4158	24.5935	-31.5641
19.6163	9.89584	37.7665
6.50407	9.67887	48.0483
18.3409	19.8278	28.7908
14.9614	8.35849	42.5586
5.52064	10.9073	47.7681
6.63201	4.12597	-48.9389
6.705	7.96525	-47.1798
13.0883	7.71676	39.3814
29.1075	15.9488	-10.2921
10.101	11.0878	-41.2113
3.76447	4.9077	49.5755
9.35655	9.00606	-46.8705
4.97861	3.04454	-48.339
26.7228	22.6638	-12.4695
14.584	6.43149	-40.6919
8.61205	7.00886	-47.0197
16.0902	16.9968	-36.9899
16.8832	12.2822	-40.6295
8.99734	21.6965	37.0409
14.9224	9.0449	-41.3028
9.52711	11.9498	-43.5777
10.5835	12.9636	-42.9729
15.9266	19.3037	-37.8449
3.66544	4.77051	47.9246
13.2823	11.655	-37.7657
9.2329	17.6599	37.2172
31.0802	20.0043	7.47521
19.5696	31.4765	4.08881
20.6525	8.68969	-39.4815
16.1748	29.0085	-14.6389
16.751	26.4809	25.3758
5.01747	4.98605	-49.002
6.33423	8.73046	46.3092
15.5486	12.4456	-39.59
9.83127	4.41364	-47.4866
13.322	13.4658	-40.4667
24.7044	24.2718	-6.95117
6.55949	3.79815	48.8113
8.28693	4.5137	-47.0576
2.02782	4.56268	48.2942
8.86574	4.41097	48.2678
7.75296	11.948	45.7068
13.5024	26.6529	-23.6923
11.8061	8.22164	-44.9916
21.3532	14.2859	-35.9466
7.55846	4.64934	48.69
6.68925	4.55379	-49.078
11.8362	15.5797	-40.9021
15.9059	25.1483	-24.7551
11.2843	22.4577	31.0595
9.8003	4.16814	-48.2274
11.0734	8.01162	-45.4192
8.07331	4.90662	47.5871
22.9475	21.3353	-23.2214
6.8487	14.4932	-44.6021
13.2042	5.66606	44.0973
7.49232	8.88006	48.0705
22.1212	27.8283	-1.26982
8.70555	17.9074	-40.4995
16.8271	29.8957	-3.10277
16.101	8.89632	-36.5568
4.54305	9.51003	-48.3875
6.09844	12.1432	-46.3941
7.55592	8.76586	47.9813
30.2771	21.0812	-0.250743
14.6209	24.8999	29.5979
16.6963	11.5809	34.7869
3.80143	8.78315	-48.795
26.732	15.1787	29.7082
7.49227	7.29136	-47.9507
5.76623	5.08187	49.4765
8.57306	8.45852	47.7209
27.1847	15.1905	24.7922
22.5902	13.3902	-33.3545
19.1861	22.4415	-21.4643
14.8596	25.3198	25.8727
7.32902	14.3599	-43.4873
14.5795	23.2864	36.6339
12.7322	15.804	-33.6126
10.7064	22.4698	28.0889
11.8076	7.13819	-44.5277
11.1017	17.4155	38.6454
6.70019	4.5812	-49.1366
10.5144	15.3943	40.5829
13.6584	28.2019	26.3657
8.4295	5.92198	47.4504
6.53834	8.4653	-42.9774
27.6557	13.9386	25.0222
29.2363	13.6045	21.7239
5.4442	3.20159	-49.6167
12.7162	23.1682	-31.9548
14.2901	13.3091	-37.8614
25.7622	13.8259	-17.2186
13.4968	11.6504	-41.657
31.4324	13.8512	15.4849
14.5733	8.24067	-44.0863
17.9139	13.7293	-36.6613
7.3685	12.3238	47.5086
19.2505	10.1218	-40.6012
13.9991	26.5749	-18.2791
7.30785	14.8424	43.5952
10.4817	24.1797	33.0749
5.34398	7.90151	49.0057
22.5065	20.8572	-20.0937
8.66879	14.1703	-43.7288
8.3328	8.61748	-47.7998
8.1698	8.05225	-48.0717
26.6394	20.4304	13.924
5.64454	4.53282	48.7892
7.54305	8.42207	-45.6454
20.2987	25.8934	0.512469
17.3465	27.9479	10.7928
21.8183	22.0303	23.8087
9.14284	5.89195	47.3847
6.98361	6.53738	48.5308
3.38762	7.2338	-48.2264
16.2336	21.6316	28.2375
16.4312	31.7745	-6.31013
11.9348	15.064	39.4529
14.8019	16.3899	-38.5439
9.83769	11.1615	44.9217
22.8381	11.5582	32.8868
11.8734	5.10768	-42.3502
6.48554	6.55186	49.038
25.6677	17.8583	19.6289
18.3888	13.0581	-38.0582
16.9252	16.4342	-35.0039
13.4757	29.8303	-17.9953
12.5528	7.07224	45.6139
16.2694	30.6409	-11.335
23.8265	17.0485	31.0222
26.0366	18.7695	-9.65752
9.55816	15.821	-40.1268
16.666	7.00589	-40.4865
8.66963	19.928	-36.7583
21.8006	12.9754	31.5655
9.17704	16.6865	-36.9395
20.2046	11.6655	38.5146
24.4965	17.1299	-25.1125
9.71477	21.1122	-38.8389
17.4569	18.3578	32.951
13.9525	31.6391	19.3963
10.9126	23.766	-31.0428
33.2835	13.884	1.71115
7.60486	3.3726	-48.3783
10.0478	19.7073	29.2764
19.5731	17.8636	32.4856
29.2954	16.4135	-11.88
10.9892	9.03489	44.2605
16.1063	8.55214	41.7717
6.52662	6.62514	47.8469
7.05628	12.1357	-45.9345
29.4428	20.0519	4.34758
28.8456	18.7813	16.9115
20.1901	23.0383	-21.6461
15.6593	16.2232	33.2597
10.2056	14.5171	36.5078
24.741	23.5466	17.7805
27.639	17.2556	-5.37188
12.356	5.49527	44.9851
7.16912	5.35658	-48.0754
13.2007	8.09957	46.1882
27.6311	15.8709	-15.3821
20.5567	17.3015	-29.4624
31.086	15.8019	5.42281
5.41915	3.0188	-49.3647
14.796	30.1885	-7.30962
13.3034	7.94195	-44.4802
24.5272	12.0924	28.5295
19.7726	16.6484	-32.544
14.6864	20.0659	-33.7266
20.2323	22.0894	24.6097
31.9386	18.4551	1.64241
6.53643	8.69133	-45.6187
9.7334	18.4651	38.5815
18.0996	9.33547	36.403
4.43865	4.34005	-48.2369
4.20085	8.39395	-47.5259
5.78264	2.73477	-49.0082
4.92735	11.8873	-47.5285
9.74539	4.92098	47.0657
16.2883	6.80628	42.9112
20.015	23.0058	-14.9955
14.1104	28.3257	23.9731
14.2836	14.508	36.0667
8.36183	4.13319	45.7625
32.6472	15.0884	10.5141
12.1769	18.1429	-41.3371
15.2519	15.624	-32.9883
5.30795	5.02279	48.4867
17.2718	13.7922	37.8163
14.8147	15.5103	38.9917
17.5087	19.9474	-35.4372
24.3051	13.9969	-23.7179
29.2087	12.5708	-22.7165
3.25009	7.37686	48.9014
13.4689	9.43599	-44.0829
15.164	19.0465	38.0044
26.8301	21.0241	4.50795
19.928	24.0409	14.1575
9.8706	4.9911	-46.9711
14.9209	8.93481	43.753
14.2059	11.1431	43.0709
16.1713	14.4175	39.6766
12.8743	9.69969	-44.5864
8.67169	4.78569	46.843
13.8688	19.3383	28.2886
17.6648	10.644	-42.5464
14.6042	20.7273	33.2273
14.7208	7.96219	45.2075
15.1496	31.8537	21.288
21.4271	17.1535	31.6081
15.977	19.0787	-35.2782
11.2055	11.4271	43.5116
3.86732	6.1838	47.0805
6.76859	5.02573	-48.4904
6.69112	12.825	-46.2431
15.9436	28.6079	-15.332
8.28045	6.2039	-46.9533
9.01281	16.3257	-43.396
8.64027	7.42904	-47.0155
29.5074	14.2081	17.0693
11.2131	9.90509	-44.4207
5.47163	7.78117	-48.709
10.3941	8.62996	-44.6161
10.0336	5.11322	-47.2739
31.9964	14.245	4.80887
7.51392	11.4859	-45.6759
10.837	25.5827	-29.0478
14.7541	16.2439	36.5421
12.4823	21.1251	35.1052
5.59477	6.01718	48.2843
29.7703	16.2316	-15.9984
6.43682	6.34655	47.8715
7.23939	13.2947	46.8499
7.08894	7.94302	47.9681
25.1226	27.3764	-2.2741
16.7342	26.5068	-13.436
16.9368	8.00342	-41.014
11.838	27.2024	-30.4301
14.2118	8.82215	-42.5502
10.8322	10.6181	-46.0417
8.81016	5.32597	-46.9384
14.204	32.4537	-8.58643
9.15214	11.8075	46.4962
10.3355	12.4003	-45.0896
11.6267	10.0818	-44.3045
7.952	9.16561	45.6911
16.579	21.3913	-31.276
24.1672	10.1802	-21.5293
8.56028	13.7516	42.3284
14.8723	28.107	-4.43563
12.4098	8.88008	-43.2373
15.4376	28.1596	4.27788
19.7697	20.354	28.5604
15.9949	15.2143	-37.8685
19.5716	25.7485	0.356098
20.1219	22.7829	21.9957
24.9689	18.032	12.6172
14.6224	21.8961	25.0716
17.8435	12.0568	40.9451
27.7986	12.8874	16.9846
8.94277	20.6294	-39.3139
12.2768	14.1801	39.8814
18.6713	17.5315	-35.2526
9.38203	11.9433	-45.0552
16.6514	17.894	-37.5292
24.1092	28.3997	8.65218
19.8482	16.5681	-30.8107
32.8639	15.1128	3.98774
17.6387	28.5015	-4.71586
7.73985	8.29316	-45.9363
4.31064	6.04201	47.6706
11.3047	24.29	32.6389
14.303	30.7876	-17.5115
33.2749	16.353	-9.61343
15.754	22.8951	-30.0903
17.0524	26.5899	24.8933
4.56793	5.71578	-49.5781
26.432	12.5262	29.9569
7.78315	7.91718	47.7245
4.26963	8.08999	-49.2941
13.8483	8.86866	-44.282
24.5725	18.8488	-16.178
5.9569	3.73561	49.285
17.7323	31.5947	9.05595
3.28086	6.63022	-48.3456
11.326	6.19799	45.0842
9.41041	6.1552	47.6984
14.158	9.85254	38.6102
23.6168	21.8201	-2.62614
14.1119	10.7492	41.3418
34.4632	15.4077	-3.48492
16.3747	9.5658	-37.8303
14.3766	13.2149	-41.6506
6.46303	4.37365	48.9577
13.4556	9.08217	-44.1389
10.6845	19.0732	-35.4959
20.0689	26.9308	9.44477
17.0693	8.55662	-43.9582
8.90126	6.97456	46.6776
13.708	26.1038	16.214
9.14682	9.27439	46.5854
9.71734	18.0067	42.3355
15.3861	21.8663	-37.0474
20.8127	16.8759	31.4954
17.3886	18.4394	31.4823
22.1241	21.8498	13.7325
26.6533	15.7341	21.1262
